date,,2020-12-31_FY,2019-12-31_FY,2018-12-31_FY,2017-12-31_FY,2016-12-31_FY,2015-12-31_FY,2014-12-31_FY,2013-12-31_FY,2012-12-31_FY,2011-12-31_FY,2010-12-31_FY,2009-12-31_FY,2008-12-31_FY,2007-12-31_FY,2006-12-31_FY,2005-12-31_FY,2004-12-31_FY,2003-12-31_FY,2002-12-31_FY,2001-12-31_FY,2000-12-31_FY,1999-12-31_FY,1998-12-31_FY,1997-12-31_FY,1996-12-31_FY,1995-12-31_FY,1994-12-31_FY,1993-12-31_FY,1992-12-31_FY
,,,,,,,,,,,,,,,,,,,,,,,,,,,,,,,,,,,,,,,,,,,,,,,,,,,,,,,,,,,,,,,,,,,,,,,,,,,,,,,,,,,,,,,,,,,,,,,,,,,,,
CashProvidedByOperatingActivites,,,,,,,,,,,,,,,,,,,,,,,,,,,,,,,,,,,,,,,,,,,,,,,,,,,,,,,,,,,,,,,,,,,,,,,,,,,,,,,,,,,,,,,,,,,,,,,,,,,,,
,netIncome,427100000.0,125200000.0,285500000.0,186400000.0,160100000.0,266400000.0,410400000.0,597200000.0,522100000.0,583300000.0,220500000.0,135700000.0,400000000.0,246300000.0,-64900000.0,31600000.0,158800000.0,74400000.0,-84400000.0,22600000.0,3500000.0,-11500000.0,60600000.0,168700000.0,125900000.0,129100000.0,115500000.0,34100000.0,6000000.0
,depreciationAndAmortization,272000000.0,272000000.0,289900000.0,279800000.0,274600000.0,260100000.0,280400000.0,259400000.0,229900000.0,173500000.0,154300000.0,147600000.0,146500000.0,138200000.0,121900000.0,105900000.0,113300000.0,65900000.0,52300000.0,70400000.0,69700000.0,76800000.0,79700000.0,72000000.0,53500000.0,35500000.0,19300000.0,2900000.0,1700000.0
,deferredIncomeTax,3400000.0,15100000.0,-14700000.0,-14100000.0,2100000.0,-26800000.0,3600000.0,21700000.0,-36400000.0,-127600000.0,2900000.0,-21900000.0,7300000.0,2500000.0,10600000.0,107900000.0,14500000.0,-12300000.0,48400000.0,-32800000.0,-37600000.0,-47200000.0,-22400000.0,53400000.0,20100000.0,32900000.0,-41000000.0,-8100000.0,0.0
,stockBasedCompensation,37600000.0,41300000.0,46300000.0,38200000.0,18100000.0,12200000.0,-10800000.0,34600000.0,36800000.0,24400000.0,13400000.0,8000000.0,33300000.0,0.0,0.0,0.0,0.0,0.0,0.0,0.0,0.0,0.0,0.0,0.0,0.0,0.0,0.0,0.0,0.0
,changeInWorkingCapital,194800000.0,73900000.0,-206400000.0,-43700000.0,307900000.0,-598100000.0,-394100000.0,215200000.0,32600000.0,249200000.0,137300000.0,44100000.0,388300000.0,-47000000.0,-140400000.0,-219700000.0,290100000.0,128200000.0,87500000.0,-64200000.0,-130000000.0,-296000000.0,145600000.0,133800000.0,265000000.0,-12300000.0,154900000.0,117400000.0,-1100000.0
,accountsReceivables,0.0,0.0,0.0,0.0,0.0,0.0,0.0,0.0,0.0,0.0,0.0,0.0,0.0,0.0,0.0,0.0,0.0,0.0,0.0,0.0,0.0,0.0,0.0,0.0,0.0,0.0,0.0,0.0,0.0
,inventory,119700000.0,-216300000.0,-214300000.0,-196000000.0,-33100000.0,117600000.0,111400000.0,-356900000.0,-160900000.0,-221000000.0,-60600000.0,292800000.0,-374200000.0,10700000.0,66200000.0,-42100000.0,-65100000.0,13800000.0,-119000000.0,39600000.0,23700000.0,72100000.0,-17300000.0,-100400000.0,-22600000.0,-32300000.0,30700000.0,10600000.0,31400000.0
,accountsPayables,-59100000.0,35700000.0,-24300000.0,123500000.0,62800000.0,37300000.0,-219400000.0,54700000.0,-61700000.0,162300000.0,70600000.0,-411300000.0,284400000.0,0.0,0.0,0.0,0.0,0.0,0.0,0.0,0.0,0.0,0.0,0.0,0.0,0.0,0.0,0.0,0.0
,otherWorkingCapital,0.0,844600000.0,770700000.0,977100000.0,1020800000.0,712900000.0,1311000000.0,1705100000.0,1489900000.0,1457300000.0,1208100000.0,1070800000.0,1026700000.0,638400000.0,685400000.0,825800000.0,1045500000.0,755400000.0,627200000.0,539700000.0,603900000.0,733900000.0,1029900000.0,884300000.0,750500000.0,485500000.0,497800000.0,342900000.0,225500000.0
,otherNonCashItems,-7400000.0,6900000.0,2600000.0,3000000.0,2300000.0,1900000.0,5200000.0,13000000.0,12800000.0,-1300000.0,0.0,2800000.0,3200000.0,25700000.0,175200000.0,0.0,0.0,0.0,0.0,0.0,0.0,0.0,0.0,0.0,0.0,5900000.0,200000.0,-800000.0,-1600000.0
,netCashProvidedByOperatingActivites,896500000.0,695900000.0,595900000.0,577600000.0,369500000.0,524200000.0,438400000.0,797000000.0,666400000.0,725900000.0,438700000.0,351700000.0,291300000.0,504300000.0,442200000.0,246300000.0,265900000.0,88000000.0,73200000.0,225400000.0,174400000.0,233700000.0,11200000.0,100000000.0,206700000.0,67100000.0,96800000.0,18500000.0,5200000.0
,,,,,,,,,,,,,,,,,,,,,,,,,,,,,,,,,,,,,,,,,,,,,,,,,,,,,,,,,,,,,,,,,,,,,,,,,,,,,,,,,,,,,,,,,,,,,,,,,,,,,
CashProvidedByInvestingActivites,,,,,,,,,,,,,,,,,,,,,,,,,,,,,,,,,,,,,,,,,,,,,,,,,,,,,,,,,,,,,,,,,,,,,,,,,,,,,,,,,,,,,,,,,,,,,,,,,,,,,
,investmentsInPropertyPlantAndEquipment,-269900000.0,-273400000.0,-203300000.0,-203900000.0,-201000000.0,-211400000.0,-301500000.0,-391800000.0,-340500000.0,-300400000.0,-167100000.0,-215300000.0,-251300000.0,-141400000.0,-129100000.0,-111800000.0,-78400000.0,-78700000.0,-54900000.0,-39300000.0,-67700000.0,-44200000.0,-121600000.0,-361300000.0,-45200000.0,-45300000.0,-20700000.0,-6700000.0,-4400000.0
,acquisitionsNet,0.0,0.0,0.0,-293000000.0,-384000000.0,-25000000.0,-130000000.0,-10000000.0,-3000000.0,-1018000000.0,-82000000.0,1000000.0,0.0,-18000000.0,0.0,0.0,0.0,0.0,0.0,0.0,0.0,0.0,0.0,0.0,0.0,0.0,0.0,0.0,0.0
,purchasesOfInvestments,0.0,0.0,0.0,0.0,0.0,0.0,0.0,0.0,0.0,-38500000.0,0.0,0.0,0.0,-68000000.0,-2900000.0,0.0,0.0,0.0,0.0,0.0,0.0,0.0,0.0,0.0,0.0,0.0,-427500000.0,-2000000.0,0.0
,salesMaturitiesOfInvestments,0.0,0.0,0.0,0.0,0.0,0.0,0.0,0.0,0.0,0.0,0.0,37100000.0,0.0,0.0,0.0,0.0,0.0,0.0,0.0,0.0,0.0,0.0,0.0,0.0,0.0,0.0,0.0,3000000.0,0.0
,otherInvestingActivites,0.0,0.0,400000.0,0.0,400000.0,-1700000.0,0.0,0.0,3700000.0,-3700000.0,-81500000.0,500000.0,-32500000.0,-2700000.0,0.0,0.0,0.0,0.0,1200000.0,1300000.0,-2000000.0,-1100000.0,0.0,0.0,-301800000.0,-133400000.0,-100000.0,-165500000.0,400000.0
,netCashUsedForInvestingActivites,-241700000.0,-271600000.0,-205500000.0,-493700000.0,-598300000.0,-240800000.0,-432900000.0,-408700000.0,-374700000.0,-1363700000.0,-273100000.0,-192700000.0,-279500000.0,-223900000.0,-128100000.0,-100900000.0,-797100000.0,-57800000.0,-100600000.0,-180800000.0,-69700000.0,-20600000.0,-121600000.0,-361300000.0,-347000000.0,-178700000.0,-448300000.0,-171200000.0,-4000000.0
,,,,,,,,,,,,,,,,,,,,,,,,,,,,,,,,,,,,,,,,,,,,,,,,,,,,,,,,,,,,,,,,,,,,,,,,,,,,,,,,,,,,,,,,,,,,,,,,,,,,,
CashProvidedByFinancingingActivites,,,,,,,,,,,,,,,,,,,,,,,,,,,,,,,,,,,,,,,,,,,,,,,,,,,,,,,,,,,,,,,,,,,,,,,,,,,,,,,,,,,,,,,,,,,,,,,,,,,,,
,debtRepayment,-1045600000.0,-2191100000.0,-5433600000.0,-3639700000.0,-2622400000.0,-1769500000.0,-1790000000.0,-1194000000.0,-1148800000.0,-987400000.0,-170000000.0,-343700000.0,-39500000.0,0.0,0.0,0.0,0.0,0.0,0.0,0.0,0.0,0.0,0.0,0.0,0.0,0.0,0.0,0.0,0.0
,commonStockIssued,0.0,0.0,0.0,0.0,0.0,0.0,0.0,0.0,0.0,300000.0,500000.0,0.0,300000.0,8200000.0,10800000.0,1400000.0,303000000.0,2500000.0,10300000.0,6400000.0,300000.0,0.0,400000.0,142200000.0,1700000.0,1300000.0,133700000.0,88400000.0,61500000.0
,commonStockRepurchased,-55000000.0,-130000000.0,-184300000.0,0.0,-212500000.0,-287500000.0,-499700000.0,-1000000.0,-17600000.0,0.0,0.0,0.0,0.0,0.0,0.0,0.0,0.0,0.0,0.0,-13100000.0,0.0,0.0,-88100000.0,0.0,0.0,-3300000.0,0.0,0.0,0.0
,dividendsPaid,-48000000.0,-48000000.0,-47100000.0,-44500000.0,-42500000.0,-42000000.0,-40800000.0,-38900000.0,0.0,0.0,0.0,0.0,0.0,0.0,0.0,0.0,0.0,0.0,0.0,-500000.0,-2500000.0,-2400000.0,-2400000.0,-2500000.0,-2200000.0,0.0,-6000000.0,-3600000.0,-100000.0
,otherFinancingActivites,-24300000.0,-27000000.0,-5800000.0,-6400000.0,-4100000.0,-6300000.0,-20900000.0,-8800000.0,-1500000.0,-18800000.0,-11300000.0,-3900000.0,-3200000.0,-300000.0,-4900000.0,0.0,-21100000.0,-9800000.0,0.0,0.0,0.0,0.0,0.0,-3500000.0,-12400000.0,0.0,100000.0,0.0,-148900000.0
,netCashUsedProvidedByFinancingActivities,22700000.0,-313400000.0,-413300000.0,-176700000.0,236400000.0,-153400000.0,-662000000.0,-106800000.0,-241600000.0,671000000.0,-109400000.0,-65300000.0,34100000.0,-112800000.0,-164100000.0,-229500000.0,695500000.0,77000000.0,32500000.0,-26900000.0,-109700000.0,-207100000.0,95400000.0,254600000.0,161600000.0,112900000.0,376000000.0,151800000.0,-10400000.0
,,,,,,,,,,,,,,,,,,,,,,,,,,,,,,,,,,,,,,,,,,,,,,,,,,,,,,,,,,,,,,,,,,,,,,,,,,,,,,,,,,,,,,,,,,,,,,,,,,,,,
Other,,,,,,,,,,,,,,,,,,,,,,,,,,,,,,,,,,,,,,,,,,,,,,,,,,,,,,,,,,,,,,,,,,,,,,,,,,,,,,,,,,,,,,,,,,,,,,,,,,,,,
,effectOfForexChangesOnCash,8800000.0,-4200000.0,-18700000.0,30800000.0,-4600000.0,-67000000.0,-27000000.0,-15600000.0,6800000.0,-28700000.0,12300000.0,46800000.0,-116100000.0,13700000.0,30500000.0,-20900000.0,14300000.0,5500000.0,300000.0,-2100000.0,-1300000.0,-2300000.0,-300000.0,-3800000.0,400000.0,800000.0,1100000.0,0.0,0.0
,,,,,,,,,,,,,,,,,,,,,,,,,,,,,,,,,,,,,,,,,,,,,,,,,,,,,,,,,,,,,,,,,,,,,,,,,,,,,,,,,,,,,,,,,,,,,,,,,,,,,
Cash&CashFlow,,,,,,,,,,,,,,,,,,,,,,,,,,,,,,,,,,,,,,,,,,,,,,,,,,,,,,,,,,,,,,,,,,,,,,,,,,,,,,,,,,,,,,,,,,,,,,,,,,,,,
,netChangeInCash,686300000.0,106700000.0,-41600000.0,-62000000.0,3000000.0,63000000.0,-683500000.0,265900000.0,56900000.0,4500000.0,68500000.0,140500000.0,-70200000.0,181300000.0,180500000.0,-105000000.0,178600000.0,112700000.0,5400000.0,15600000.0,-6300000.0,3700000.0,-15300000.0,-10500000.0,21700000.0,0.0,25600000.0,0.0,0.0
,cashAtEndOfPeriod,1119100000.0,432800000.0,326100000.0,367700000.0,429700000.0,426700000.0,363700000.0,1047200000.0,781300000.0,724400000.0,719900000.0,652700000.0,512200000.0,582400000.0,401100000.0,220600000.0,325600000.0,147000000.0,34300000.0,28900000.0,13300000.0,19600000.0,15900000.0,31200000.0,41700000.0,0.0,25800000.0,0.0,0.0
,cashAtBeginningOfPeriod,432800000.0,326100000.0,367700000.0,429700000.0,426700000.0,363700000.0,1047200000.0,781300000.0,724400000.0,719900000.0,651400000.0,512200000.0,582400000.0,401100000.0,220600000.0,325600000.0,147000000.0,34300000.0,28900000.0,13300000.0,19600000.0,15900000.0,31200000.0,41700000.0,20000000.0,25800000.0,200000.0,1100000.0,10200000.0
,operatingCashFlow,896500000.0,695900000.0,595900000.0,577600000.0,369500000.0,524200000.0,438400000.0,797000000.0,666400000.0,725900000.0,438700000.0,351700000.0,291300000.0,504300000.0,442200000.0,246300000.0,265900000.0,88000000.0,73200000.0,225400000.0,174400000.0,233700000.0,11200000.0,100000000.0,206700000.0,67100000.0,96800000.0,18500000.0,5200000.0
,capitalExpenditure,-269900000.0,-273400000.0,-203300000.0,-203900000.0,-201000000.0,-211400000.0,-301500000.0,-391800000.0,-340500000.0,-300400000.0,-167100000.0,-215300000.0,-251300000.0,-141400000.0,-129100000.0,-111800000.0,-78400000.0,-78700000.0,-54900000.0,-39300000.0,-67700000.0,-44200000.0,-121600000.0,-361300000.0,-45200000.0,-45300000.0,-20700000.0,-6700000.0,-4400000.0
,freeCashFlow,626600000.0,422500000.0,392600000.0,373700000.0,168500000.0,312800000.0,136900000.0,405200000.0,325900000.0,425500000.0,271600000.0,136400000.0,40000000.0,362900000.0,313100000.0,134500000.0,187500000.0,9300000.0,18300000.0,186100000.0,106700000.0,189500000.0,-110400000.0,-261300000.0,161500000.0,21800000.0,76100000.0,11800000.0,800000.0
