Date,2018-12-31,2017-12-31,2016-12-31,2015-12-31,2014-12-31,2013-12-31,2012-12-31,2011-12-31,2010-12-31,2009-12-31
Cash and cash equivalents,289495000.0,393279000.0,374678000.0,344656000.0,312417000.0,437762000.0,443791000.0,595388000.0,482787000.0,504218000.0
Short-term investments,196000000.0,199000000.0,0.0,0.0,,,,,,
Cash and short-term investments,485495000.0,592279000.0,374678000.0,344656000.0,,,,,,
Receivables,172864000.0,177406000.0,182066000.0,185371000.0,182152000.0,180326000.0,175647000.0,172088000.0,179904000.0,162657000.0
Inventories,0.0,0.0,0.0,0.0,0.0,0.0,0.0,0.0,0.0,0.0
Total current assets,658067000.0,769228000.0,556744000.0,530027000.0,,,,,,
Property, Plant & Equipment Net,730270000.0,754324000.0,780814000.0,803939000.0,783902000.0,734201000.0,750966000.0,770447000.0,893059000.0,892848000.0
Goodwill and Intangible Assets,0.0,0.0,0.0,0.0,0.0,0.0,0.0,0.0,0.0,0.0
Long-term investments,23166000.0,35156000.0,37918000.0,43191000.0,,,,,,
Tax assets,0.0,0.0,0.0,0.0,0.0,0.0,0.0,0.0,0.0,0.0
Total non-current assets,,,,,,,,,,
Total assets,1285549000.0,1632395000.0,1451230000.0,1447808000.0,1418392000.0,1457724000.0,1481810000.0,1771307000.0,1679300000.0,1703769000.0
Payables,31597000.0,45317000.0,43097000.0,38709000.0,39049000.0,70757000.0,80066000.0,75917000.0,85395000.0,101874000.0
Short-term debt,0.0,0.0,0.0,0.0,,,,,,
Total current liabilities,31597000.0,45317000.0,43097000.0,38709000.0,,,,,,
Long-term debt,1162000000.0,838000000.0,1049000000.0,972000000.0,,,,,,
Total debt,965826000.0,1240222000.0,1052359000.0,1053262000.0,1027956000.0,1049959000.0,1065916000.0,1080932000.0,1246411000.0,1278964000.0
Deferred revenue,0.0,0.0,0.0,0.0,0.0,0.0,0.0,0.0,0.0,0.0
Tax Liabilities,0.0,0.0,0.0,0.0,0.0,0.0,0.0,0.0,0.0,8305000.0
Deposit Liabilities,0.0,0.0,0.0,0.0,0.0,0.0,0.0,0.0,0.0,0.0
Total non-current liabilities,,,,,,,,,,
Total liabilities,1000457000.0,1288440000.0,1098385000.0,1094928000.0,1069993000.0,1124143000.0,1149657000.0,1408062000.0,1335524000.0,1389143000.0
Other comprehensive income,-127000.0,5030000.0,7862000.0,13002000.0,14457000.0,1522000.0,1206000.0,0.0,0.0,0.0
Retained earnings (deficit),248443000.0,302543000.0,308995000.0,304340000.0,299004000.0,297515000.0,296797000.0,322201000.0,304055000.0,275921000.0
Total shareholders equity,285092000.0,343955000.0,352845000.0,352880000.0,348399000.0,333581000.0,332153000.0,358800000.0,340354000.0,312220000.0
Investments,23166000.0,35156000.0,37918000.0,43191000.0,69644000.0,31522000.0,31206000.0,5000000.0,23000000.0,40000000.0
Net Debt,872505000.0,,,,,,,,,
Other Assets,-292000.0,,,,,,,,,
Other Liabilities,0.0,0.0,0.0,0.0,,,,,,
