date,,2020-12-31_FY,2019-12-31_FY,2018-12-31_FY,2017-12-31_FY,2016-12-31_FY,2015-12-31_FY,2014-12-31_FY,2013-12-31_FY,2012-12-31_FY,2011-12-31_FY,2010-12-31_FY,2009-12-31_FY,2008-12-31_FY,2007-12-31_FY,2006-12-31_FY,2005-12-31_FY,2004-12-31_FY,2003-12-31_FY,2002-12-31_FY,2001-12-31_FY,2000-12-31_FY,1999-12-31_FY,1998-12-31_FY,1997-12-31_FY,1996-12-31_FY
,,,,,,,,,,,,,,,,,,,,,,,,,,,,,,,,,,,,,,,,,,,,,,,,,,,,,,,,,,,,,,,,,,,,,,,,,,,,,,,,,,,,,,,,,,,,,,,,,,,,,
CashProvidedByOperatingActivites,,,,,,,,,,,,,,,,,,,,,,,,,,,,,,,,,,,,,,,,,,,,,,,,,,,,,,,,,,,,,,,,,,,,,,,,,,,,,,,,,,,,,,,,,,,,,,,,,,,,,
,netIncome,433887000.0,451295000.0,419375000.0,259251000.0,265636000.0,252521000.0,254690000.0,245327000.0,203483000.0,180675000.0,153132000.0,116391000.0,111671000.0,82392000.0,14156000.0,43903000.0,34567000.0,21313000.0,18959000.0,13692000.0,16310000.0,14751000.0,11300000.0,7400000.0,1300000.0
,depreciationAndAmortization,106246000.0,78975000.0,59255000.0,67678000.0,69587000.0,77670000.0,81924000.0,80701000.0,85422000.0,65955000.0,60826000.0,64186000.0,50093000.0,38949000.0,27463000.0,8107000.0,7588000.0,7098000.0,4525000.0,7631000.0,4333000.0,2762000.0,2700000.0,4200000.0,11900000.0
,deferredIncomeTax,-30932000.0,-14511000.0,-33675000.0,-2693000.0,-10921000.0,-15196000.0,-18859000.0,-24025000.0,-18896000.0,-3021000.0,-26719000.0,-28146000.0,-13323000.0,-5634000.0,-15224000.0,-2051000.0,546000.0,-17000.0,231000.0,-800000.0,-69000.0,855000.0,0.0,700000.0,-2800000.0
,stockBasedCompensation,145615000.0,116190000.0,83346000.0,53154000.0,33347000.0,33951000.0,36861000.0,35298000.0,32415000.0,23088000.0,19019000.0,13212000.0,0.0,0.0,0.0,0.0,0.0,0.0,0.0,0.0,0.0,0.0,0.0,0.0,0.0
,changeInWorkingCapital,130072000.0,73930000.0,124697000.0,31412000.0,38021000.0,-53114000.0,18229000.0,191193000.0,134690000.0,-101982000.0,154540000.0,119235000.0,20187000.0,73446000.0,-126098000.0,41877000.0,49142000.0,14052000.0,16850000.0,-13000.0,-12609000.0,14555000.0,14400000.0,9100000.0,2400000.0
,accountsReceivables,-160319000.0,-154403000.0,-74455000.0,-14406000.0,-17388000.0,6044000.0,-5554000.0,-2983000.0,-12401000.0,-8086000.0,-11149000.0,-6434000.0,0.0,0.0,0.0,0.0,0.0,0.0,0.0,0.0,0.0,0.0,0.0,0.0,0.0
,inventory,0.0,0.0,0.0,0.0,0.0,0.0,0.0,0.0,0.0,0.0,0.0,0.0,0.0,0.0,0.0,0.0,0.0,0.0,0.0,0.0,0.0,0.0,0.0,0.0,0.0
,accountsPayables,21362000.0,38543000.0,19920000.0,27045000.0,16919000.0,-6993000.0,8208000.0,15737000.0,9548000.0,0.0,0.0,0.0,0.0,0.0,0.0,0.0,0.0,0.0,0.0,0.0,0.0,0.0,0.0,0.0,0.0
,otherWorkingCapital,990412000.0,860340000.0,786410000.0,661713000.0,630301000.0,592280000.0,645394000.0,627165000.0,435972000.0,301282000.0,403264000.0,248724000.0,129489000.0,109302000.0,35856000.0,161954000.0,120077000.0,70935000.0,56883000.0,40033000.0,40046000.0,52655000.0,38100000.0,23700000.0,14600000.0
,otherNonCashItems,2180000.0,2778000.0,410000.0,21000.0,1290000.0,1413000.0,868000.0,73000.0,69000.0,180000.0,1854000.0,1826000.0,8893000.0,2555000.0,5574000.0,0.0,0.0,0.0,0.0,0.0,0.0,0.0,0.0,100000.0,-200000.0
,netCashProvidedByOperatingActivites,547310000.0,499936000.0,486437000.0,430438000.0,356827000.0,367523000.0,385307000.0,332983000.0,298415000.0,307661000.0,166884000.0,173689000.0,196708000.0,127128000.0,89697000.0,67825000.0,51366000.0,38806000.0,22116000.0,23638000.0,22850000.0,18341000.0,15600000.0,12700000.0,13500000.0
,,,,,,,,,,,,,,,,,,,,,,,,,,,,,,,,,,,,,,,,,,,,,,,,,,,,,,,,,,,,,,,,,,,,,,,,,,,,,,,,,,,,,,,,,,,,,,,,,,,,,
CashProvidedByInvestingActivites,,,,,,,,,,,,,,,,,,,,,,,,,,,,,,,,,,,,,,,,,,,,,,,,,,,,,,,,,,,,,,,,,,,,,,,,,,,,,,,,,,,,,,,,,,,,,,,,,,,,,
,investmentsInPropertyPlantAndEquipment,0.0,0.0,0.0,0.0,0.0,0.0,0.0,0.0,0.0,0.0,0.0,0.0,-16639000.0,-10859000.0,-7843000.0,-4482000.0,-3191000.0,-2761000.0,-1612000.0,-2070000.0,-3573000.0,-1758000.0,-900000.0,-2100000.0,-2500000.0
,acquisitionsNet,-572328000.0,-787000000.0,-283000000.0,-64000000.0,-8000000.0,-46000000.0,-103000000.0,-4000000.0,-45000000.0,-269000000.0,0.0,0.0,-320000000.0,0.0,-305000000.0,-4000000.0,0.0,0.0,0.0,0.0,0.0,0.0,0.0,0.0,0.0
,purchasesOfInvestments,0.0,0.0,0.0,0.0,0.0,0.0,-355000.0,-261000.0,-228000.0,-351000.0,-1075000.0,-9899000.0,-12993000.0,-4460000.0,-6094000.0,-52865000.0,-74455000.0,-25230000.0,-99136000.0,-35469000.0,-32688000.0,-38331000.0,-28500000.0,-13900000.0,0.0
,salesMaturitiesOfInvestments,0.0,0.0,0.0,0.0,0.0,0.0,124000.0,156000.0,324000.0,257000.0,8687000.0,7491000.0,11763000.0,20000.0,24118000.0,90164000.0,25000000.0,34988000.0,108505000.0,51293000.0,38191000.0,27738000.0,6200000.0,0.0,0.0
,otherInvestingActivites,-6555000.0,-1412000.0,-8892000.0,-14409000.0,-11839000.0,230000.0,0.0,0.0,0.0,0.0,0.0,-12000.0,0.0,0.0,-8257000.0,-270000.0,-544000.0,-1138000.0,-624000.0,-457000.0,-463000.0,-591000.0,-300000.0,-100000.0,-100000.0
,netCashUsedForInvestingActivites,-614253000.0,-833548000.0,-313680000.0,-97443000.0,-32173000.0,-62032000.0,-129270000.0,-33177000.0,-68956000.0,-291643000.0,-6648000.0,-10731000.0,-337999000.0,-15418000.0,-294631000.0,28162000.0,-53190000.0,-15888000.0,2856000.0,8983000.0,-7380000.0,-13042000.0,-23500000.0,-16100000.0,-2600000.0
,,,,,,,,,,,,,,,,,,,,,,,,,,,,,,,,,,,,,,,,,,,,,,,,,,,,,,,,,,,,,,,,,,,,,,,,,,,,,,,,,,,,,,,,,,,,,,,,,,,,,
CashProvidedByFinancingingActivites,,,,,,,,,,,,,,,,,,,,,,,,,,,,,,,,,,,,,,,,,,,,,,,,,,,,,,,,,,,,,,,,,,,,,,,,,,,,,,,,,,,,,,,,,,,,,,,,,,,,,
,debtRepayment,-75000000.0,0.0,0.0,0.0,0.0,-21000.0,-91000.0,-53149000.0,-74422000.0,-31976000.0,-65913000.0,-54230000.0,0.0,0.0,0.0,0.0,0.0,0.0,0.0,0.0,0.0,0.0,0.0,0.0,0.0
,commonStockIssued,232690000.0,0.0,0.0,0.0,0.0,0.0,0.0,2987000.0,0.0,2167000.0,1592000.0,1515000.0,9302000.0,7956000.0,6256000.0,6031000.0,5893000.0,7513000.0,4464000.0,5295000.0,1977000.0,1063000.0,500000.0,300000.0,41400000.0
,commonStockRepurchased,-161029000.0,-59116000.0,-269801000.0,-336042000.0,-336335000.0,-337910000.0,-233793000.0,-116132000.0,-95477000.0,-12704000.0,0.0,-39904000.0,-10008000.0,-8012000.0,0.0,-7492000.0,0.0,0.0,-11919000.0,-15715000.0,-21588000.0,-2550000.0,0.0,0.0,-5100000.0
,dividendsPaid,0.0,0.0,0.0,0.0,0.0,0.0,0.0,0.0,0.0,0.0,0.0,0.0,0.0,0.0,0.0,0.0,0.0,0.0,0.0,0.0,0.0,0.0,0.0,0.0,0.0
,otherFinancingActivites,-71934000.0,-45568000.0,-33893000.0,-11112000.0,3047000.0,2557000.0,4919000.0,2528000.0,10647000.0,10046000.0,11753000.0,13168000.0,-539000.0,7406000.0,3251000.0,0.0,0.0,0.0,0.0,0.0,0.0,0.0,0.0,0.0,0.0
,netCashUsedProvidedByFinancingActivities,96597000.0,429409000.0,-262675000.0,-294651000.0,-279477000.0,-291751000.0,-185642000.0,-129759000.0,-124846000.0,-9676000.0,-29639000.0,-64090000.0,217750000.0,-55829000.0,130774000.0,-1461000.0,5893000.0,7513000.0,-7455000.0,-10420000.0,-19611000.0,-1487000.0,500000.0,300000.0,-1900000.0
,,,,,,,,,,,,,,,,,,,,,,,,,,,,,,,,,,,,,,,,,,,,,,,,,,,,,,,,,,,,,,,,,,,,,,,,,,,,,,,,,,,,,,,,,,,,,,,,,,,,,
Other,,,,,,,,,,,,,,,,,,,,,,,,,,,,,,,,,,,,,,,,,,,,,,,,,,,,,,,,,,,,,,,,,,,,,,,,,,,,,,,,,,,,,,,,,,,,,,,,,,,,,
,effectOfForexChangesOnCash,10924000.0,-842000.0,-14444000.0,20678000.0,-6866000.0,-17636000.0,-24817000.0,-4264000.0,262000.0,-6993000.0,6004000.0,8834000.0,-15507000.0,7028000.0,2309000.0,-1907000.0,1440000.0,1409000.0,136000.0,31000.0,53000.0,0.0,0.0,0.0,0.0
,,,,,,,,,,,,,,,,,,,,,,,,,,,,,,,,,,,,,,,,,,,,,,,,,,,,,,,,,,,,,,,,,,,,,,,,,,,,,,,,,,,,,,,,,,,,,,,,,,,,,
Cash&CashFlow,,,,,,,,,,,,,,,,,,,,,,,,,,,,,,,,,,,,,,,,,,,,,,,,,,,,,,,,,,,,,,,,,,,,,,,,,,,,,,,,,,,,,,,,,,,,,,,,,,,,,
,netChangeInCash,40578000.0,94955000.0,-104362000.0,59022000.0,38311000.0,-3896000.0,45578000.0,165783000.0,104875000.0,-651000.0,136601000.0,107702000.0,60952000.0,62909000.0,-71851000.0,92619000.0,5509000.0,31840000.0,17653000.0,22232000.0,-4088000.0,3812000.0,0.0,0.0,9000000.0
,cashAtEndOfPeriod,912672000.0,872094000.0,777139000.0,881501000.0,822479000.0,784168000.0,788064000.0,742486000.0,576703000.0,471828000.0,472479000.0,335878000.0,228176000.0,167224000.0,104315000.0,176166000.0,83547000.0,78038000.0,46198000.0,28545000.0,6313000.0,10401000.0,0.0,0.0,17100000.0
,cashAtBeginningOfPeriod,872094000.0,777139000.0,881501000.0,822479000.0,784168000.0,788064000.0,742486000.0,576703000.0,471828000.0,472479000.0,335878000.0,228176000.0,167224000.0,104315000.0,176166000.0,83547000.0,78038000.0,46198000.0,28545000.0,6313000.0,10401000.0,6589000.0,14000000.0,17100000.0,8100000.0
,operatingCashFlow,547310000.0,499936000.0,486437000.0,430438000.0,356827000.0,367523000.0,385307000.0,332983000.0,298415000.0,307661000.0,166884000.0,173689000.0,196708000.0,127128000.0,89697000.0,67825000.0,51366000.0,38806000.0,22116000.0,23638000.0,22850000.0,18341000.0,15600000.0,12700000.0,13500000.0
,capitalExpenditure,-35370000.0,-44940000.0,-21762000.0,-19149000.0,-12443000.0,-16145000.0,-26023000.0,-28848000.0,-23977000.0,-22063000.0,-14260000.0,-8311000.0,-16639000.0,-10859000.0,-7843000.0,-4482000.0,-3191000.0,-2761000.0,-1612000.0,-2070000.0,-3573000.0,-1758000.0,-900000.0,-2100000.0,-2500000.0
,freeCashFlow,511940000.0,454996000.0,464675000.0,411289000.0,344384000.0,351378000.0,359284000.0,304135000.0,274438000.0,285598000.0,152624000.0,165378000.0,180069000.0,116269000.0,81854000.0,63343000.0,48175000.0,36045000.0,20504000.0,21568000.0,19277000.0,16583000.0,14700000.0,10600000.0,11000000.0
