date,,2020-12-31_FY,2019-12-31_FY,2018-12-31_FY,2017-12-31_FY,2016-12-31_FY,2015-12-31_FY,2014-12-31_FY,2013-12-31_FY,2012-12-31_FY,2011-12-31_FY,2010-12-31_FY,2009-12-31_FY,2008-12-31_FY,2007-12-31_FY,2006-12-31_FY,2005-12-31_FY,2004-12-31_FY,2003-12-31_FY,2002-12-31_FY,2001-12-31_FY,2000-12-31_FY,1999-12-31_FY,1998-12-31_FY,1997-12-31_FY,1996-12-31_FY,1995-12-31_FY,1994-12-31_FY,1993-12-31_FY,1992-12-31_FY,1991-12-31_FY,1990-12-31_FY
,,,,,,,,,,,,,,,,,,,,,,,,,,,,,,,,,,,,,,,,,,,,,,,,,,,,,,,,,,,,,,,,,,,,,,,,,,,,,,,,,,,,,,,,,,,,,,,,,,,,,
CashProvidedByOperatingActivites,,,,,,,,,,,,,,,,,,,,,,,,,,,,,,,,,,,,,,,,,,,,,,,,,,,,,,,,,,,,,,,,,,,,,,,,,,,,,,,,,,,,,,,,,,,,,,,,,,,,,
,netIncome,506622000.0,671135000.0,618158000.0,107681000.0,216691000.0,895344000.0,-313490000.0,599327000.0,245275000.0,151325000.0,137401000.0,-573919000.0,-1243903000.0,-64493000.0,357676000.0,540702000.0,489908000.0,470915000.0,351932000.0,303852000.0,276103000.0,257500000.0,232300000.0,209600000.0,185200000.0,146400000.0,125100000.0,110200000.0,85100000.0,65400000.0,63400000.0
,depreciationAndAmortization,64849000.0,67437000.0,62626000.0,57742000.0,59018000.0,58493000.0,56571000.0,58045000.0,56808000.0,56100000.0,68034000.0,73933000.0,84597000.0,260867000.0,327832000.0,254049000.0,82114000.0,148985000.0,128406000.0,132989000.0,107061000.0,109300000.0,91000000.0,77100000.0,72000000.0,69500000.0,65700000.0,27300000.0,27000000.0,25500000.0,16000000.0
,deferredIncomeTax,75044000.0,141332000.0,-12320000.0,207428000.0,61574000.0,-519128000.0,43512000.0,-288754000.0,-135491000.0,5862000.0,-12127000.0,-79890000.0,379726000.0,-223740000.0,-26208000.0,-37242000.0,23914000.0,-4131000.0,-22766000.0,19356000.0,-11234000.0,-51000000.0,-10500000.0,-28600000.0,-20000000.0,1400000.0,0.0,-43000000.0,0.0,0.0,0.0
,stockBasedCompensation,8254000.0,12303000.0,10521000.0,0.0,0.0,0.0,0.0,0.0,0.0,0.0,0.0,202000.0,1099000.0,0.0,0.0,0.0,0.0,0.0,0.0,0.0,0.0,0.0,0.0,0.0,0.0,0.0,0.0,0.0,0.0,0.0,0.0
,changeInWorkingCapital,458201000.0,-3879471000.0,-3170416000.0,-5887011000.0,-2886524000.0,-1827267000.0,2199378000.0,520449000.0,953911000.0,-729922000.0,-183194000.0,2637212000.0,3957839000.0,-1677223000.0,870384000.0,-5458283000.0,-4427717000.0,262000000.0,-2213000000.0,149000000.0,-2939000000.0,-1803000000.0,-3751000000.0,-1908000000.0,-761000000.0,-2363000000.0,-11236000000.0,0.0,0.0,0.0,12600000.0
,accountsReceivables,-35616000.0,-8369000.0,49288000.0,-75802000.0,-13808000.0,5392000.0,9719000.0,-5809000.0,-519000.0,25449000.0,0.0,0.0,0.0,0.0,0.0,0.0,0.0,0.0,0.0,0.0,0.0,0.0,0.0,0.0,0.0,0.0,0.0,0.0,0.0,0.0,0.0
,inventory,0.0,0.0,0.0,0.0,0.0,0.0,0.0,0.0,0.0,0.0,0.0,0.0,0.0,0.0,0.0,0.0,0.0,0.0,0.0,0.0,0.0,0.0,0.0,0.0,0.0,0.0,0.0,0.0,0.0,0.0,0.0
,accountsPayables,-5404000.0,-284000.0,-9786000.0,2549000.0,165000.0,528000.0,-707000.0,-2466000.0,-9164000.0,-12471000.0,-29562000.0,-47695000.0,-58406000.0,0.0,0.0,0.0,0.0,0.0,0.0,0.0,0.0,0.0,0.0,0.0,0.0,0.0,0.0,0.0,0.0,0.0,0.0
,otherWorkingCapital,485730000.0,-45550855000.0,-41671384000.0,-38500968000.0,-32613957000.0,-29727433000.0,-27900166000.0,-30099544000.0,-30619993000.0,-31573904000.0,-30843982000.0,-30660788000.0,-33298000000.0,-37255839000.0,-35578616000.0,-36449000000.0,-30990717000.0,-26563000000.0,-26825000000.0,-24612000000.0,-24761000000.0,-21822000000.0,-20019000000.0,-16268000000.0,-14360000000.0,-13599000000.0,-11236000000.0,0.0,0.0,0.0,0.0
,otherNonCashItems,-609259000.0,-437710000.0,-519721000.0,-422143000.0,-478641000.0,-1022481000.0,-782825000.0,-1076919000.0,-1251717000.0,-4985000.0,-19696000.0,-26095000.0,391727000.0,767160000.0,291857000.0,419076000.0,293039000.0,197429000.0,227385000.0,213250000.0,194850000.0,176200000.0,-241700000.0,149800000.0,-18300000.0,35400000.0,66200000.0,153600000.0,111400000.0,129100000.0,61600000.0
,netCashProvidedByOperatingActivites,678772000.0,705367000.0,847503000.0,635512000.0,589467000.0,670135000.0,873002000.0,819305000.0,524126000.0,676673000.0,163159000.0,628903000.0,1257518000.0,703962000.0,846016000.0,1069580000.0,142940000.0,562481000.0,383961000.0,442091000.0,412306000.0,548700000.0,7500000.0,583900000.0,54500000.0,124500000.0,272800000.0,260800000.0,207000000.0,203400000.0,153500000.0
,,,,,,,,,,,,,,,,,,,,,,,,,,,,,,,,,,,,,,,,,,,,,,,,,,,,,,,,,,,,,,,,,,,,,,,,,,,,,,,,,,,,,,,,,,,,,,,,,,,,,
CashProvidedByInvestingActivites,,,,,,,,,,,,,,,,,,,,,,,,,,,,,,,,,,,,,,,,,,,,,,,,,,,,,,,,,,,,,,,,,,,,,,,,,,,,,,,,,,,,,,,,,,,,,,,,,,,,,
,investmentsInPropertyPlantAndEquipment,-60073000.0,-75665000.0,-80549000.0,-62697000.0,-100320000.0,-62656000.0,-51046000.0,-38573000.0,-54899000.0,-50043000.0,-66855000.0,-69640000.0,-146140000.0,0.0,0.0,0.0,0.0,0.0,0.0,0.0,0.0,0.0,0.0,0.0,0.0,0.0,0.0,0.0,0.0,0.0,0.0
,acquisitionsNet,0.0,0.0,-1843000000.0,0.0,0.0,714000000.0,-212000000.0,0.0,1000000.0,-1000000.0,904000000.0,0.0,0.0,720000000.0,-3000000.0,-412000000.0,0.0,0.0,0.0,0.0,0.0,0.0,0.0,0.0,0.0,0.0,0.0,0.0,0.0,0.0,0.0
,purchasesOfInvestments,-29444956000.0,-18749595000.0,-8979718000.0,-6534336000.0,-4132034000.0,-2413618000.0,-3076883000.0,-2209192000.0,-1791539000.0,-2001272000.0,-613856000.0,-4499908000.0,-9355873000.0,-30119566000.0,-21184323000.0,-33657518000.0,-7047542000.0,-7425509000.0,-36243997000.0,-15308666000.0,-10428384000.0,-12414300000.0,-17112900000.0,-76676200000.0,-34246700000.0,-13033200000.0,-7676700000.0,-4344100000.0,-4679300000.0,-6182400000.0,-5492800000.0
,salesMaturitiesOfInvestments,18262363000.0,15688328000.0,6981788000.0,2083478000.0,1258863000.0,1538948000.0,2202678000.0,2497196000.0,2056584000.0,1849273000.0,2382706000.0,5725881000.0,10669250000.0,30848757000.0,23480842000.0,37714176000.0,6355938000.0,8001699000.0,35715809000.0,14827007000.0,9062346000.0,11731400000.0,16383600000.0,76239600000.0,34496100000.0,12171100000.0,8045100000.0,4005900000.0,3671300000.0,5783500000.0,5402700000.0
,otherInvestingActivites,77887000.0,1205000.0,-4865000.0,-7679000.0,98518000.0,247976000.0,256498000.0,396223000.0,462016000.0,759601000.0,141236000.0,149947000.0,166683000.0,-237326000.0,-958469000.0,-7308341000.0,-4655348000.0,-3461909000.0,-751447000.0,-2259280000.0,-1458838000.0,-1984300000.0,-1637700000.0,-1000800000.0,-989900000.0,-1009100000.0,-1334000000.0,-1024600000.0,-278200000.0,505300000.0,-204600000.0
,netCashUsedForInvestingActivites,-13068146000.0,-4169852000.0,-4390667000.0,-5348736000.0,-3444006000.0,238339000.0,25452000.0,302999000.0,236642000.0,899193000.0,4077134000.0,2654401000.0,2680196000.0,423947000.0,1318336000.0,-3410849000.0,-5493424000.0,-2987959000.0,-2639348000.0,-2820411000.0,-2900023000.0,-2775600000.0,-2470600000.0,-1557600000.0,-826700000.0,-1922500000.0,-1030300000.0,-1436500000.0,-1335800000.0,53100000.0,-328000000.0
,,,,,,,,,,,,,,,,,,,,,,,,,,,,,,,,,,,,,,,,,,,,,,,,,,,,,,,,,,,,,,,,,,,,,,,,,,,,,,,,,,,,,,,,,,,,,,,,,,,,,
CashProvidedByFinancingingActivites,,,,,,,,,,,,,,,,,,,,,,,,,,,,,,,,,,,,,,,,,,,,,,,,,,,,,,,,,,,,,,,,,,,,,,,,,,,,,,,,,,,,,,,,,,,,,,,,,,,,,
,debtRepayment,-143065000.0,-212103000.0,-768488000.0,-95607000.0,-254816000.0,-737889000.0,-1059290000.0,-332031000.0,-214898000.0,-2837499000.0,-4260578000.0,-813077000.0,-3513459000.0,-2463277000.0,-3469429000.0,-309961000.0,0.0,0.0,0.0,0.0,-924563000.0,-246700000.0,-319300000.0,-962900000.0,-217400000.0,0.0,-12000000.0,-12000000.0,-20000000.0,-6300000.0,-6500000.0
,commonStockIssued,9093000.0,8719000.0,7268000.0,7016000.0,7437000.0,6226000.0,5394000.0,6860000.0,8952000.0,7690000.0,1101926000.0,0.0,17712000.0,0.0,0.0,0.0,0.0,0.0,0.0,0.0,0.0,0.0,0.0,0.0,0.0,0.0,0.0,0.0,0.0,0.0,0.0
,commonStockRepurchased,-528496000.0,-250581000.0,-125264000.0,-75664000.0,-2186000.0,-1984000.0,-3236000.0,-437000.0,0.0,-483000.0,-559000.0,-25097000.0,-361000.0,0.0,0.0,0.0,0.0,0.0,0.0,0.0,0.0,0.0,0.0,0.0,0.0,0.0,0.0,0.0,0.0,0.0,0.0
,dividendsPaid,-133645000.0,-115810000.0,-105441000.0,-95910000.0,-65932000.0,-19257000.0,-3723000.0,-3723000.0,-3723000.0,-3723000.0,-310000.0,-71438000.0,-188644000.0,-190617000.0,-188321000.0,-182751000.0,-168927000.0,-134603000.0,-108003000.0,-106384000.0,-95297000.0,-87000000.0,-72000000.0,-59000000.0,-51900000.0,-44500000.0,-37000000.0,-27800000.0,-24100000.0,-22000000.0,-16100000.0
,otherFinancingActivites,-3693000.0,-5431000.0,-2201000.0,-1756000.0,0.0,0.0,0.0,0.0,0.0,0.0,0.0,0.0,0.0,0.0,0.0,0.0,0.0,0.0,0.0,0.0,0.0,0.0,-100000.0,150200000.0,-100000.0,-100000.0,-100000.0,286500000.0,216100000.0,-63100000.0,9100000.0
,netCashUsedProvidedByFinancingActivities,12492145000.0,3455557000.0,3533786000.0,4753687000.0,2853259000.0,-925895000.0,-940570000.0,-1138456000.0,-856687000.0,-1492957000.0,-4465250000.0,-3390961000.0,-3971552000.0,-1259242000.0,-2132505000.0,2532779000.0,5378853000.0,2461012000.0,2301801000.0,2258411000.0,2550072000.0,2222900000.0,2667600000.0,944500000.0,806300000.0,1813900000.0,831000000.0,1219100000.0,1142900000.0,-292700000.0,249200000.0
,,,,,,,,,,,,,,,,,,,,,,,,,,,,,,,,,,,,,,,,,,,,,,,,,,,,,,,,,,,,,,,,,,,,,,,,,,,,,,,,,,,,,,,,,,,,,,,,,,,,,
Other,,,,,,,,,,,,,,,,,,,,,,,,,,,,,,,,,,,,,,,,,,,,,,,,,,,,,,,,,,,,,,,,,,,,,,,,,,,,,,,,,,,,,,,,,,,,,,,,,,,,,
,effectOfForexChangesOnCash,0.0,0.0,0.0,0.0,0.0,0.0,0.0,0.0,0.0,0.0,0.0,0.0,0.0,0.0,11914000.0,-1572000.0,0.0,0.0,0.0,0.0,0.0,0.0,0.0,0.0,0.0,0.0,0.0,0.0,0.0,0.0,0.0
,,,,,,,,,,,,,,,,,,,,,,,,,,,,,,,,,,,,,,,,,,,,,,,,,,,,,,,,,,,,,,,,,,,,,,,,,,,,,,,,,,,,,,,,,,,,,,,,,,,,,
Cash&CashFlow,,,,,,,,,,,,,,,,,,,,,,,,,,,,,,,,,,,,,,,,,,,,,,,,,,,,,,,,,,,,,,,,,,,,,,,,,,,,,,,,,,,,,,,,,,,,,,,,,,,,,
,netChangeInCash,102771000.0,-8928000.0,-9378000.0,40463000.0,-1280000.0,-17421000.0,-42116000.0,-16152000.0,-95919000.0,82909000.0,-224957000.0,-107657000.0,-33838000.0,-131333000.0,43761000.0,189938000.0,28369000.0,35534000.0,46414000.0,-119909000.0,62355000.0,-4000000.0,100000.0,0.0,100000.0,0.0,0.0,-100000.0,0.0,0.0,0.0
,cashAtEndOfPeriod,497094000.0,394323000.0,403251000.0,402857000.0,362394000.0,363674000.0,381095000.0,423211000.0,439363000.0,535282000.0,452373000.0,677330000.0,784987000.0,818825000.0,950158000.0,906397000.0,716459000.0,688090000.0,652556000.0,606142000.0,726051000.0,663700000.0,0.0,0.0,0.0,0.0,0.0,0.0,0.0,0.0,0.0
,cashAtBeginningOfPeriod,394323000.0,403251000.0,412629000.0,362394000.0,363674000.0,381095000.0,423211000.0,439363000.0,535282000.0,452373000.0,677330000.0,784987000.0,818825000.0,950158000.0,906397000.0,716459000.0,688090000.0,652556000.0,606142000.0,726051000.0,663696000.0,667700000.0,463200000.0,492400000.0,458200000.0,442300000.0,368800000.0,325500000.0,311400000.0,347600000.0,272900000.0
,operatingCashFlow,678772000.0,705367000.0,847503000.0,635512000.0,589467000.0,670135000.0,873002000.0,819305000.0,524126000.0,676673000.0,163159000.0,628903000.0,1257518000.0,703962000.0,846016000.0,1069580000.0,142940000.0,562481000.0,383961000.0,442091000.0,412306000.0,548700000.0,7500000.0,583900000.0,54500000.0,124500000.0,272800000.0,260800000.0,207000000.0,203400000.0,153500000.0
,capitalExpenditure,-60156000.0,107881000.0,105371000.0,96540000.0,83357000.0,141145000.0,150115000.0,226063000.0,206070000.0,-51775000.0,-67896000.0,-71004000.0,-188471000.0,-67918000.0,-16680000.0,-159166000.0,-146472000.0,-102240000.0,-138074000.0,-79472000.0,-75147000.0,-108400000.0,-103600000.0,-120200000.0,-86200000.0,-51300000.0,-64700000.0,-73700000.0,-49600000.0,-53300000.0,-33300000.0
,freeCashFlow,618616000.0,619320000.0,766954000.0,572815000.0,489147000.0,543725000.0,821956000.0,780687000.0,466996000.0,624898000.0,95263000.0,557899000.0,1069047000.0,636044000.0,829336000.0,910414000.0,-3532000.0,460241000.0,245887000.0,362619000.0,337159000.0,440300000.0,-96100000.0,463700000.0,-31700000.0,73200000.0,208100000.0,187100000.0,157400000.0,150100000.0,120200000.0
