date,,2020-12-31_FY,2019-12-31_FY,2018-12-31_FY,2017-12-31_FY,2016-12-31_FY,2015-12-31_FY,2014-12-31_FY,2013-12-31_FY,2012-12-31_FY,2011-12-31_FY,2010-12-31_FY,2009-12-31_FY,2008-12-31_FY,2007-12-31_FY,2006-12-31_FY,2005-12-31_FY,2004-12-31_FY,2003-12-31_FY,2002-12-31_FY,2001-12-31_FY,2000-12-31_FY,1999-12-31_FY,1998-12-31_FY,1997-12-31_FY,1996-12-31_FY,1995-12-31_FY
,,,,,,,,,,,,,,,,,,,,,,,,,,,,,,,,,,,,,,,,,,,,,,,,,,,,,,,,,,,,,,,,,,,,,,,,,,,,,,,,,,,,,,,,,,,,,,,,,,,,,
CashProvidedByOperatingActivites,,,,,,,,,,,,,,,,,,,,,,,,,,,,,,,,,,,,,,,,,,,,,,,,,,,,,,,,,,,,,,,,,,,,,,,,,,,,,,,,,,,,,,,,,,,,,,,,,,,,,
,netIncome,6400000000.0,5704000000.0,6032000000.0,37533000000.0,4648000000.0,4290000000.0,3115000000.0,3904000000.0,3841000000.0,3095000000.0,2879000000.0,2713000000.0,2457000000.0,2130000000.0,1896000000.0,1767000000.0,2827000000.0,631000000.0,1152000000.0,1010000000.0,692000000.0,556000000.0,346000000.0,412000000.0,988000000.0,860000000.0
,depreciationAndAmortization,1450000000.0,1512000000.0,1038000000.0,902000000.0,607000000.0,428000000.0,523000000.0,477000000.0,475000000.0,516000000.0,504000000.0,504000000.0,420000000.0,318000000.0,353000000.0,325000000.0,375000000.0,477000000.0,338000000.0,396000000.0,401000000.0,350000000.0,297000000.0,239000000.0,231000000.0,221000000.0
,deferredIncomeTax,0.0,0.0,0.0,0.0,0.0,0.0,0.0,0.0,0.0,0.0,0.0,0.0,0.0,0.0,0.0,0.0,0.0,0.0,0.0,0.0,0.0,0.0,0.0,0.0,0.0,0.0
,stockBasedCompensation,0.0,0.0,0.0,0.0,0.0,0.0,0.0,0.0,0.0,0.0,0.0,0.0,0.0,0.0,0.0,0.0,0.0,0.0,0.0,0.0,0.0,0.0,0.0,0.0,0.0,0.0
,changeInWorkingCapital,109000000.0,314000000.0,1590000000.0,-1345000000.0,-369000000.0,-494000000.0,-484000000.0,-562000000.0,-489000000.0,445000000.0,500000000.0,148000000.0,377000000.0,150000000.0,-47000000.0,239000000.0,-29000000.0,814000000.0,416000000.0,690000000.0,617000000.0,538000000.0,134000000.0,174000000.0,-122000000.0,-109000000.0
,accountsReceivables,0.0,0.0,0.0,0.0,0.0,0.0,0.0,0.0,0.0,0.0,0.0,0.0,0.0,0.0,0.0,0.0,0.0,0.0,0.0,0.0,0.0,0.0,0.0,0.0,0.0,0.0
,inventory,-144000000.0,-371000000.0,-192000000.0,1409000000.0,-638000000.0,-520000000.0,-405000000.0,-386000000.0,-755000000.0,-47000000.0,-280000000.0,-125000000.0,-367000000.0,170000000.0,21000000.0,-28000000.0,45000000.0,179000000.0,58000000.0,234000000.0,122000000.0,31000000.0,-36000000.0,-71000000.0,-201000000.0,-66000000.0
,accountsPayables,0.0,0.0,0.0,0.0,0.0,0.0,0.0,0.0,0.0,0.0,0.0,0.0,0.0,0.0,0.0,0.0,0.0,0.0,0.0,0.0,0.0,0.0,0.0,0.0,0.0,0.0
,otherWorkingCapital,0.0,0.0,0.0,0.0,0.0,0.0,0.0,0.0,0.0,0.0,0.0,0.0,0.0,0.0,0.0,0.0,0.0,0.0,0.0,0.0,0.0,0.0,0.0,0.0,0.0,0.0
,otherNonCashItems,46000000.0,106000000.0,31000000.0,86000000.0,0.0,-54000000.0,49000000.0,-49000000.0,39000000.0,63000000.0,43000000.0,21000000.0,27000000.0,3000000.0,448000000.0,425000000.0,0.0,27000000.0,766000.0,0.0,0.0,0.0,0.0,0.0,0.0,0.0
,netCashProvidedByOperatingActivites,9786000000.0,8996000000.0,10295000000.0,5347000000.0,4610000000.0,4720000000.0,3716000000.0,4436000000.0,4427000000.0,3464000000.0,3480000000.0,2849000000.0,3073000000.0,1977000000.0,1617000000.0,1806000000.0,1338000000.0,1207000000.0,967000000.0,1235000000.0,1080000000.0,1015000000.0,165000000.0,347000000.0,475000000.0,546000000.0
,,,,,,,,,,,,,,,,,,,,,,,,,,,,,,,,,,,,,,,,,,,,,,,,,,,,,,,,,,,,,,,,,,,,,,,,,,,,,,,,,,,,,,,,,,,,,,,,,,,,,
CashProvidedByInvestingActivites,,,,,,,,,,,,,,,,,,,,,,,,,,,,,,,,,,,,,,,,,,,,,,,,,,,,,,,,,,,,,,,,,,,,,,,,,,,,,,,,,,,,,,,,,,,,,,,,,,,,,
,investmentsInPropertyPlantAndEquipment,-511000000.0,-664000000.0,-758000000.0,-791000000.0,-586000000.0,-483000000.0,-529000000.0,-574000000.0,-664000000.0,-617000000.0,-584000000.0,-554000000.0,-544000000.0,-482000000.0,-483000000.0,-419000000.0,-333000000.0,-428000000.0,-490000000.0,-515000000.0,-362000000.0,0.0,-363000000.0,-360000000.0,-360000000.0,-361000000.0
,acquisitionsNet,0.0,0.0,0.0,-22756000000.0,0.0,-754000000.0,155000000.0,271000000.0,396000000.0,-359000000.0,19000000.0,291000000.0,-3894000000.0,222000000.0,-74000000.0,-219000000.0,0.0,0.0,0.0,0.0,0.0,0.0,0.0,0.0,0.0,0.0
,purchasesOfInvestments,-343000000.0,-191000000.0,-320000000.0,-170000000.0,-109000000.0,-99000000.0,-31000000.0,-32000000.0,0.0,0.0,-1000000.0,0.0,0.0,0.0,-37000000.0,0.0,0.0,-150000000.0,-112000000.0,-75000000.0,-158000000.0,-30000000.0,-30000000.0,-18000000.0,-13000000.0,-19000000.0
,salesMaturitiesOfInvestments,184000000.0,339000000.0,167000000.0,160000000.0,22000000.0,45000000.0,34000000.0,0.0,24000000.0,3000000.0,0.0,37000000.0,9000000.0,71000000.0,0.0,22000000.0,80000000.0,88000000.0,44000000.0,67000000.0,54000000.0,2000000.0,7000000.0,8000000.0,18000000.0,3000000.0
,otherInvestingActivites,0.0,0.0,0.0,0.0,0.0,0.0,0.0,0.0,262000000.0,0.0,0.0,0.0,0.0,0.0,0.0,0.0,-112000000.0,-303000000.0,-59000000.0,-285000000.0,761000000.0,-1340000000.0,459000000.0,401000000.0,-406000000.0,-148000000.0
,netCashUsedForInvestingActivites,-783000000.0,-639000000.0,-1021000000.0,-18544000000.0,-640000000.0,-3991000000.0,-470000000.0,-335000000.0,-400000000.0,-238000000.0,8000000.0,-263000000.0,-2062000000.0,161000000.0,-58000000.0,-100000000.0,48000000.0,-2588000000.0,-537000000.0,-1082000000.0,503000000.0,-1837000000.0,760000000.0,-963000000.0,-569000000.0,-608000000.0
,,,,,,,,,,,,,,,,,,,,,,,,,,,,,,,,,,,,,,,,,,,,,,,,,,,,,,,,,,,,,,,,,,,,,,,,,,,,,,,,,,,,,,,,,,,,,,,,,,,,,
CashProvidedByFinancingingActivites,,,,,,,,,,,,,,,,,,,,,,,,,,,,,,,,,,,,,,,,,,,,,,,,,,,,,,,,,,,,,,,,,,,,,,,,,,,,,,,,,,,,,,,,,,,,,,,,,,,,,
,debtRepayment,-10633000000.0,-5640000000.0,-5596000000.0,-20827000000.0,-3840000000.0,-2028000000.0,-1300000000.0,-1421000000.0,-1821000000.0,-1304000000.0,-1582000000.0,-1853000000.0,-731000000.0,-427000000.0,-1739000000.0,-878000000.0,-1280000000.0,-323000000.0,-710000000.0,-704000000.0,-915000000.0,-2067000000.0,-1960000000.0,-267000000.0,-66000000.0,-711000000.0
,commonStockIssued,0.0,0.0,0.0,0.0,0.0,4000000.0,5000000.0,4000000.0,5000000.0,5000000.0,7000000.0,7000000.0,10000000.0,27000000.0,28000000.0,30000000.0,4000000.0,5000000.0,6000000.0,3000000.0,3000000.0,3000000.0,42000000.0,19000000.0,13000000.0,9000000.0
,commonStockRepurchased,-18000000.0,-117000000.0,-139000000.0,-205000000.0,-64000000.0,-46000000.0,-849000000.0,-1583000000.0,-1379000000.0,-878000000.0,-66000000.0,-94000000.0,-516000000.0,-791000000.0,-577000000.0,-549000000.0,-536000000.0,-698000000.0,0.0,0.0,-695000000.0,0.0,0.0,0.0,0.0,0.0
,dividendsPaid,-4745000000.0,-4598000000.0,-4347000000.0,-3465000000.0,-2910000000.0,-2770000000.0,-2712000000.0,-2611000000.0,-2538000000.0,-2358000000.0,-2093000000.0,-1798000000.0,-1393000000.0,-1198000000.0,-1008000000.0,-910000000.0,-856000000.0,-773000000.0,-707000.0,0.0,0.0,0.0,0.0,0.0,0.0,0.0
,otherFinancingActivites,-264000000.0,-541000000.0,42000000.0,-400000000.0,-103000000.0,-1476000000.0,244000000.0,54000000.0,69000000.0,-280000000.0,-425000000.0,-501000000.0,-829000000.0,-262000000.0,3000000.0,-166000000.0,76000000.0,788000000.0,707000.0,0.0,0.0,0.0,0.0,0.0,-9000000.0,0.0
,netCashUsedProvidedByFinancingActivities,-7897000000.0,-8593000000.0,-9630000000.0,14759000000.0,-4229000000.0,-219000000.0,-3467000000.0,-3967000000.0,-3954000000.0,-3467000000.0,-3284000000.0,-2827000000.0,29000000.0,-2234000000.0,-1947000000.0,-1772000000.0,-1715000000.0,1507000000.0,-653000000.0,40000000.0,-1607000000.0,856000000.0,-803000000.0,795000000.0,130000000.0,-22000000.0
,,,,,,,,,,,,,,,,,,,,,,,,,,,,,,,,,,,,,,,,,,,,,,,,,,,,,,,,,,,,,,,,,,,,,,,,,,,,,,,,,,,,,,,,,,,,,,,,,,,,,
Other,,,,,,,,,,,,,,,,,,,,,,,,,,,,,,,,,,,,,,,,,,,,,,,,,,,,,,,,,,,,,,,,,,,,,,,,,,,,,,,,,,,,,,,,,,,,,,,,,,,,,
,effectOfForexChangesOnCash,-253000000.0,-57000000.0,-138000000.0,-391000000.0,180000000.0,-272000000.0,-63000000.0,-197000000.0,-176000000.0,0.0,0.0,0.0,0.0,0.0,0.0,0.0,0.0,-34000000.0,-106000000.0,0.0,0.0,0.0,40000000.0,0.0,0.0,0.0
,,,,,,,,,,,,,,,,,,,,,,,,,,,,,,,,,,,,,,,,,,,,,,,,,,,,,,,,,,,,,,,,,,,,,,,,,,,,,,,,,,,,,,,,,,,,,,,,,,,,,
Cash&CashFlow,,,,,,,,,,,,,,,,,,,,,,,,,,,,,,,,,,,,,,,,,,,,,,,,,,,,,,,,,,,,,,,,,,,,,,,,,,,,,,,,,,,,,,,,,,,,,,,,,,,,,
,netChangeInCash,853000000.0,-293000000.0,-494000000.0,1171000000.0,-79000000.0,238000000.0,-284000000.0,-63000000.0,-103000000.0,-241000000.0,204000000.0,-241000000.0,1040000000.0,-96000000.0,-388000000.0,-66000000.0,0.0,-1840000000.0,-1567511000.0,193000000.0,-24000000.0,34000000.0,162000000.0,179000000.0,36000000.0,-84000000.0
,cashAtEndOfPeriod,2888000000.0,2035000000.0,2328000000.0,2822000000.0,1651000000.0,1730000000.0,1492000000.0,1776000000.0,1839000000.0,1942000000.0,2183000000.0,1979000000.0,2220000000.0,1180000000.0,1276000000.0,1664000000.0,0.0,-5219000000.0,489000.0,791000000.0,860000000.0,1711000000.0,-440000000.0,-2052000000.0,289000000.0,219000000.0
,cashAtBeginningOfPeriod,2035000000.0,2328000000.0,2822000000.0,1651000000.0,1730000000.0,1492000000.0,1776000000.0,1839000000.0,1942000000.0,2183000000.0,1979000000.0,2220000000.0,1180000000.0,1276000000.0,1664000000.0,1730000000.0,1254000000.0,-3379000000.0,1568000000.0,598000000.0,884000000.0,1677000000.0,-602000000.0,-2231000000.0,253000000.0,303000000.0
,operatingCashFlow,9786000000.0,8996000000.0,10295000000.0,5347000000.0,4610000000.0,4720000000.0,3716000000.0,4436000000.0,4427000000.0,3464000000.0,3480000000.0,2849000000.0,3073000000.0,1977000000.0,1617000000.0,1806000000.0,1338000000.0,1207000000.0,967000000.0,1235000000.0,1080000000.0,1015000000.0,165000000.0,347000000.0,475000000.0,546000000.0
,capitalExpenditure,-755000000.0,-815000000.0,-943000000.0,-978000000.0,-674000000.0,-601000000.0,-692000000.0,-721000000.0,-804000000.0,-617000000.0,-584000000.0,-554000000.0,-544000000.0,-482000000.0,-483000000.0,-419000000.0,-333000000.0,-428000000.0,-490000000.0,-515000000.0,-362000000.0,0.0,-363000000.0,-360000000.0,-360000000.0,-361000000.0
,freeCashFlow,9031000000.0,8181000000.0,9352000000.0,4369000000.0,3936000000.0,4119000000.0,3024000000.0,3715000000.0,3623000000.0,2847000000.0,2896000000.0,2295000000.0,2529000000.0,1495000000.0,1134000000.0,1387000000.0,1005000000.0,779000000.0,477000000.0,720000000.0,718000000.0,1015000000.0,-198000000.0,-13000000.0,115000000.0,185000000.0
