date,,2020-12-31_FY,2019-12-31_FY,2018-12-31_FY,2017-12-31_FY,2016-12-31_FY,2015-12-31_FY,2014-12-31_FY,2013-12-31_FY,2012-12-31_FY,2011-12-31_FY,2010-12-31_FY,2009-12-31_FY,2008-12-31_FY,2007-12-31_FY,2006-12-31_FY,2005-12-31_FY,2004-12-31_FY,2003-12-31_FY,2002-12-31_FY,2001-12-31_FY,2000-12-31_FY,1999-12-31_FY,1998-12-31_FY,1997-12-31_FY,1996-12-31_FY,1995-12-31_FY,1994-12-31_FY,1993-12-31_FY,1992-12-31_FY,1991-12-31_FY,1990-12-31_FY,1989-12-31_FY
,,,,,,,,,,,,,,,,,,,,,,,,,,,,,,,,,,,,,,,,,,,,,,,,,,,,,,,,,,,,,,,,,,,,,,,,,,,,,,,,,,,,,,,,,,,,,,,,,,,,,
CashProvidedByOperatingActivites,,,,,,,,,,,,,,,,,,,,,,,,,,,,,,,,,,,,,,,,,,,,,,,,,,,,,,,,,,,,,,,,,,,,,,,,,,,,,,,,,,,,,,,,,,,,,,,,,,,,,
,netIncome,301355000.0,49380000.0,121864000.0,152162000.0,106550000.0,127844000.0,73200000.0,107728000.0,112293000.0,-74609000.0,-67330000.0,199651000.0,-26320000.0,-3119000.0,287676000.0,485266000.0,349099000.0,451022000.0,234367000.0,167268000.0,82223000.0,33003000.0,198710000.0,64709000.0,53589000.0,7587000.0,18900000.0,66300000.0,43300000.0,3000000.0,3300000.0,13500000.0
,depreciationAndAmortization,189300000.0,203117000.0,199717000.0,177806000.0,172578000.0,146607000.0,138394000.0,127020000.0,133714000.0,115546000.0,106219000.0,219922000.0,262945000.0,232339000.0,206925000.0,157439000.0,128978000.0,114424000.0,96829000.0,108348000.0,86336000.0,77031000.0,59804000.0,38149000.0,22207000.0,18002000.0,19800000.0,16300000.0,15100000.0,13000000.0,13800000.0,12300000.0
,deferredIncomeTax,23639000.0,16069000.0,26940000.0,-40769000.0,41563000.0,35110000.0,20986000.0,12090000.0,32604000.0,-16203000.0,-6149000.0,0.0,0.0,0.0,0.0,0.0,0.0,0.0,0.0,0.0,0.0,0.0,0.0,0.0,0.0,0.0,0.0,0.0,0.0,3000000.0,0.0,0.0
,stockBasedCompensation,45060000.0,36292000.0,37196000.0,35867000.0,39849000.0,35786000.0,25379000.0,26613000.0,20809000.0,11649000.0,14091000.0,40866000.0,25026000.0,43407000.0,25654000.0,0.0,0.0,0.0,0.0,0.0,0.0,0.0,0.0,0.0,0.0,0.0,0.0,0.0,0.0,0.0,0.0,0.0
,changeInWorkingCapital,-17123000.0,-26193000.0,-474000.0,93436000.0,-204324000.0,-22245000.0,-153552000.0,30754000.0,-55894000.0,2584000.0,1182165000.0,351513000.0,-353231000.0,-437478000.0,-159897000.0,-45878000.0,49267000.0,-417919000.0,90762000.0,64529000.0,-9830000.0,-252693000.0,157320000.0,58373000.0,-19168000.0,-131692000.0,0.0,0.0,0.0,0.0,0.0,-53400000.0
,accountsReceivables,-55829000.0,-37051000.0,21093000.0,15522000.0,-24391000.0,-15400000.0,13151000.0,21196000.0,-37340000.0,-15893000.0,-14525000.0,0.0,0.0,0.0,-53570000.0,-7666000.0,-62533000.0,-17443000.0,-17223000.0,-63668000.0,-16100000.0,0.0,-41966000.0,-25704000.0,-11324000.0,-22943000.0,17800000.0,-16000000.0,-9700000.0,-70900000.0,-73700000.0,-51100000.0
,inventory,0.0,0.0,0.0,0.0,0.0,0.0,0.0,0.0,0.0,0.0,0.0,0.0,0.0,0.0,0.0,0.0,0.0,0.0,0.0,0.0,0.0,0.0,0.0,0.0,0.0,0.0,0.0,0.0,0.0,0.0,0.0,0.0
,accountsPayables,0.0,0.0,-17957000.0,-44629000.0,-29267000.0,-45289000.0,-5000000.0,-9652000.0,57192000.0,0.0,0.0,0.0,0.0,0.0,0.0,0.0,0.0,0.0,0.0,0.0,0.0,0.0,0.0,0.0,0.0,0.0,-5100000.0,5500000.0,10100000.0,1800000.0,-6000000.0,-2300000.0
,otherWorkingCapital,94768000.0,-209765000.0,-183572000.0,-183098000.0,-276534000.0,-72210000.0,-49965000.0,103587000.0,72833000.0,128727000.0,126143000.0,-1056022000.0,-1407535000.0,-1054304000.0,-616826000.0,-456929000.0,-411051000.0,-460318000.0,-42399000.0,-133161000.0,-197690000.0,-187860000.0,64833000.0,-92487000.0,-150860000.0,-131692000.0,0.0,0.0,0.0,0.0,0.0,0.0
,otherNonCashItems,4935000.0,5077000.0,5434000.0,5650000.0,5785000.0,33043000.0,23558000.0,21467000.0,19862000.0,0.0,14091000.0,-497779000.0,54685000.0,111493000.0,-337921000.0,-332334000.0,21746000.0,35911000.0,22303000.0,25962000.0,13693000.0,68345000.0,4789000.0,4609000.0,2258000.0,2339000.0,2500000.0,37800000.0,51500000.0,74500000.0,73900000.0,74300000.0
,netCashProvidedByOperatingActivites,535772000.0,364216000.0,355113000.0,383585000.0,413559000.0,328537000.0,321876000.0,353821000.0,363119000.0,160937000.0,206194000.0,487802000.0,76767000.0,659609000.0,612143000.0,921486000.0,678854000.0,830120000.0,540607000.0,388247000.0,141418000.0,173219000.0,361632000.0,111155000.0,88280000.0,30437000.0,53900000.0,105700000.0,110300000.0,24400000.0,11300000.0,46700000.0
,,,,,,,,,,,,,,,,,,,,,,,,,,,,,,,,,,,,,,,,,,,,,,,,,,,,,,,,,,,,,,,,,,,,,,,,,,,,,,,,,,,,,,,,,,,,,,,,,,,,,
CashProvidedByInvestingActivites,,,,,,,,,,,,,,,,,,,,,,,,,,,,,,,,,,,,,,,,,,,,,,,,,,,,,,,,,,,,,,,,,,,,,,,,,,,,,,,,,,,,,,,,,,,,,,,,,,,,,
,investmentsInPropertyPlantAndEquipment,-57668000.0,-91572000.0,-62304000.0,-40508000.0,-45211000.0,-44149000.0,-52025000.0,-68740000.0,-52600000.0,-45215000.0,0.0,0.0,0.0,0.0,0.0,0.0,0.0,0.0,0.0,0.0,0.0,0.0,0.0,0.0,0.0,0.0,-34600000.0,-36200000.0,-22600000.0,-13600000.0,-24600000.0,0.0
,acquisitionsNet,0.0,-9000000.0,-216000000.0,-189000000.0,-415000000.0,-194000000.0,-670000000.0,-90000000.0,-68000000.0,-186000000.0,256000000.0,-60000000.0,-2000000.0,-240000000.0,-262000000.0,-379000000.0,0.0,0.0,0.0,0.0,0.0,0.0,0.0,0.0,0.0,0.0,0.0,0.0,0.0,0.0,0.0,0.0
,purchasesOfInvestments,-1315000.0,-658000.0,0.0,-5900000.0,-3366000.0,-3748000.0,0.0,-2351000.0,0.0,-26898000.0,-27284000.0,-963569000.0,0.0,-672264000.0,-553964000.0,-609468000.0,-354350000.0,-320134000.0,-284776000.0,-188738000.0,0.0,0.0,-135928000.0,-81358000.0,-71073000.0,-19513000.0,-94800000.0,-41500000.0,-74900000.0,0.0,0.0,-27400000.0
,salesMaturitiesOfInvestments,51358000.0,5591000.0,4716000.0,1000000.0,24270000.0,0.0,0.0,0.0,8000000.0,74621000.0,26757000.0,918900000.0,485679000.0,721430000.0,433817000.0,300969000.0,207450000.0,327908000.0,268747000.0,154918000.0,69550000.0,116805000.0,49946000.0,58082000.0,77797000.0,63105000.0,97900000.0,1800000.0,5500000.0,1300000.0,6100000.0,0.0
,otherInvestingActivites,0.0,0.0,0.0,7947000.0,-7017000.0,1434000.0,-310000.0,10068000.0,86000.0,-69909000.0,-154696000.0,54820000.0,-944468000.0,-101290000.0,-26246000.0,31190000.0,-10781000.0,-10834000.0,-15803000.0,-5385000.0,-44361000.0,-100118000.0,-12428000.0,-16477000.0,-11159000.0,-4687000.0,17300000.0,-2300000.0,-2600000.0,11400000.0,6700000.0,-19600000.0
,netCashUsedForInvestingActivites,-65719000.0,-135829000.0,-308866000.0,-262039000.0,-481764000.0,-277226000.0,-743032000.0,-188650000.0,-142866000.0,-255529000.0,-254068000.0,-91483000.0,-727033000.0,-488395000.0,-645715000.0,-866946000.0,-700880000.0,-617554000.0,-192038000.0,-195645000.0,-134958000.0,-183564000.0,-239129000.0,-161929000.0,-37509000.0,-12990000.0,-14200000.0,-78200000.0,-94600000.0,-900000.0,-11800000.0,-47000000.0
,,,,,,,,,,,,,,,,,,,,,,,,,,,,,,,,,,,,,,,,,,,,,,,,,,,,,,,,,,,,,,,,,,,,,,,,,,,,,,,,,,,,,,,,,,,,,,,,,,,,,
CashProvidedByFinancingingActivites,,,,,,,,,,,,,,,,,,,,,,,,,,,,,,,,,,,,,,,,,,,,,,,,,,,,,,,,,,,,,,,,,,,,,,,,,,,,,,,,,,,,,,,,,,,,,,,,,,,,,
,debtRepayment,-103197000.0,-1883955000.0,-173236000.0,-1842290000.0,-709983000.0,-82891000.0,-200006000.0,-4666000.0,-166715000.0,-733407000.0,-713643000.0,-154598000.0,-336920000.0,-465881000.0,-200805000.0,-201955000.0,-107180000.0,-152722000.0,-40414000.0,-34235000.0,-25401000.0,-14897000.0,-26990000.0,-40940000.0,-19674000.0,-20060000.0,-31400000.0,-12800000.0,-73300000.0,-40900000.0,-10100000.0,-12300000.0
,commonStockIssued,11256000.0,0.0,0.0,9595000.0,14907000.0,22569000.0,15213000.0,28232000.0,13497000.0,0.0,0.0,4875000.0,6394000.0,8568000.0,5684000.0,8942000.0,6993000.0,5989000.0,4433000.0,160000.0,0.0,0.0,0.0,0.0,0.0,0.0,0.0,-1600000.0,33800000.0,-12100000.0,-3600000.0,-1200000.0
,commonStockRepurchased,-509259000.0,-86675000.0,-109063000.0,-207416000.0,-195003000.0,-97430000.0,-91475000.0,-241161000.0,-226629000.0,-176512000.0,-30171000.0,0.0,0.0,-305952000.0,-46518000.0,-48196000.0,-38964000.0,0.0,0.0,-965000.0,-20785000.0,-3093000.0,0.0,-5163000.0,-3535000.0,-3592000.0,-3700000.0,0.0,0.0,0.0,0.0,0.0
,dividendsPaid,-85722000.0,0.0,0.0,0.0,0.0,0.0,0.0,0.0,0.0,0.0,-22657000.0,-82054000.0,-81291000.0,-79992000.0,-69093000.0,-64900000.0,-52403000.0,-34008000.0,-24570000.0,-18210000.0,-15256000.0,-15840000.0,-12628000.0,-8818000.0,-7928000.0,-6850000.0,-6900000.0,-5800000.0,-4000000.0,-3700000.0,-4000000.0,-3600000.0
,otherFinancingActivites,-22529000.0,-20684000.0,-12858000.0,-28337000.0,-30777000.0,-15169000.0,-23231000.0,-13955000.0,-2529000.0,-27282000.0,-24377000.0,-184786000.0,519849000.0,-109477000.0,76457000.0,243673000.0,28982000.0,-22775000.0,-50715000.0,-18300000.0,-1023000.0,8542000.0,107767000.0,12134000.0,7903000.0,4723000.0,6200000.0,3200000.0,5300000.0,12100000.0,-1100000.0,-3500000.0
,netCashUsedProvidedByFinancingActivities,-409457000.0,-211165000.0,-82726000.0,-73448000.0,41144000.0,-58546000.0,390518000.0,-179903000.0,-332447000.0,-77912000.0,73984000.0,-348816000.0,422642000.0,-413529000.0,-122688000.0,169961000.0,190870000.0,101000.0,-92946000.0,151733000.0,-55565000.0,-20938000.0,70703000.0,58866000.0,-23234000.0,-25779000.0,-15800000.0,-17000000.0,26800000.0,-13400000.0,-5100000.0,-7100000.0
,,,,,,,,,,,,,,,,,,,,,,,,,,,,,,,,,,,,,,,,,,,,,,,,,,,,,,,,,,,,,,,,,,,,,,,,,,,,,,,,,,,,,,,,,,,,,,,,,,,,,
Other,,,,,,,,,,,,,,,,,,,,,,,,,,,,,,,,,,,,,,,,,,,,,,,,,,,,,,,,,,,,,,,,,,,,,,,,,,,,,,,,,,,,,,,,,,,,,,,,,,,,,
,effectOfForexChangesOnCash,4007000.0,230000.0,2575000.0,-1325000.0,2000.0,2182000.0,-625000.0,-2116000.0,0.0,0.0,0.0,0.0,0.0,0.0,0.0,0.0,0.0,0.0,0.0,0.0,0.0,0.0,0.0,0.0,0.0,0.0,0.0,0.0,0.0,0.0,0.0,0.0
,,,,,,,,,,,,,,,,,,,,,,,,,,,,,,,,,,,,,,,,,,,,,,,,,,,,,,,,,,,,,,,,,,,,,,,,,,,,,,,,,,,,,,,,,,,,,,,,,,,,,
Cash&CashFlow,,,,,,,,,,,,,,,,,,,,,,,,,,,,,,,,,,,,,,,,,,,,,,,,,,,,,,,,,,,,,,,,,,,,,,,,,,,,,,,,,,,,,,,,,,,,,,,,,,,,,
,netChangeInCash,63155000.0,17452000.0,-33904000.0,46773000.0,-27059000.0,-5587000.0,-29742000.0,-17245000.0,-110408000.0,-166946000.0,-20365000.0,47503000.0,-227624000.0,-242315000.0,-156260000.0,224501000.0,168844000.0,212667000.0,255623000.0,344335000.0,-49105000.0,-31283000.0,193206000.0,8092000.0,27537000.0,-8332000.0,0.0,0.0,0.0,0.0,0.0,0.0
,cashAtEndOfPeriod,177833000.0,115702000.0,98250000.0,118804000.0,72031000.0,99090000.0,104677000.0,134741000.0,148858000.0,259266000.0,447145000.0,982448000.0,934945000.0,1162569000.0,1404884000.0,1561144000.0,1336643000.0,1113530000.0,900863000.0,645240000.0,300905000.0,350010000.0,375440000.0,181531000.0,173439000.0,145902000.0,0.0,0.0,0.0,0.0,0.0,0.0
,cashAtBeginningOfPeriod,114678000.0,98250000.0,132154000.0,72031000.0,99090000.0,104677000.0,134419000.0,151986000.0,259266000.0,426212000.0,467510000.0,934945000.0,1162569000.0,1404884000.0,1561144000.0,1336643000.0,1167799000.0,900863000.0,645240000.0,300905000.0,350010000.0,381293000.0,182234000.0,173439000.0,145902000.0,154234000.0,130300000.0,119800000.0,77400000.0,67200000.0,72800000.0,80200000.0
,operatingCashFlow,535772000.0,364216000.0,355113000.0,383585000.0,413559000.0,328537000.0,321876000.0,353821000.0,363119000.0,160937000.0,206194000.0,487802000.0,76767000.0,659609000.0,612143000.0,921486000.0,678854000.0,830120000.0,540607000.0,388247000.0,141418000.0,173219000.0,361632000.0,111155000.0,88280000.0,30437000.0,53900000.0,105700000.0,110300000.0,24400000.0,11300000.0,46700000.0
,capitalExpenditure,-99110000.0,-131591000.0,-97379000.0,-75498000.0,-80718000.0,-80558000.0,-87154000.0,-106581000.0,-84480000.0,-72224000.0,-83080000.0,-117312000.0,-177543000.0,-254427000.0,-243061000.0,-222072000.0,-221288000.0,-118829000.0,-112417000.0,-141804000.0,-158466000.0,-212588000.0,-155642000.0,-74486000.0,-29692000.0,-21731000.0,-34600000.0,-36200000.0,-22600000.0,-13600000.0,-24600000.0,0.0
,freeCashFlow,436662000.0,232625000.0,257734000.0,308087000.0,332841000.0,247979000.0,234722000.0,247240000.0,278639000.0,88713000.0,123114000.0,370490000.0,-100776000.0,405182000.0,369082000.0,699414000.0,457566000.0,711291000.0,428190000.0,246443000.0,-17048000.0,-39369000.0,205990000.0,36669000.0,58588000.0,8706000.0,19300000.0,69500000.0,87700000.0,10800000.0,-13300000.0,46700000.0
