date,,2021-01-31_FY,2020-01-31_FY,2019-01-31_FY,2018-01-31_FY,2017-01-31_FY,2016-01-31_FY,2015-01-31_FY,2014-01-31_FY,2013-01-31_FY,2012-01-31_FY,2011-01-31_FY,2010-01-31_FY,2009-01-31_FY,2008-01-31_FY,2007-01-31_FY,2006-01-31_FY,2005-01-31_FY,2004-01-31_FY,2003-01-31_FY
,,,,,,,,,,,,,,,,,,,,,,,,,,,,,,,,,,,,,,,,,,,,,,,,,,,,,,,,,,,,,,,,,,,,,,,,,,,,,,,,,,,,,,,,,,,,,,,,,,,,,
CashProvidedByOperatingActivites,,,,,,,,,,,,,,,,,,,,,,,,,,,,,,,,,,,,,,,,,,,,,,,,,,,,,,,,,,,,,,,,,,,,,,,,,,,,,,,,,,,,,,,,,,,,,,,,,,,,,
,netIncome,-3137000.0,56004000.0,73849000.0,6463000.0,-25562000.0,30855000.0,58513000.0,93449000.0,52612000.0,-3723000.0,-1009000.0,7722000.0,25692000.0,39686000.0,40311000.0,41181000.0,30125000.0,24340000.0,20601000.0
,depreciationAndAmortization,41068000.0,36841000.0,31584000.0,30806000.0,28846000.0,22706000.0,21604000.0,16817000.0,13891000.0,11623000.0,17449000.0,14859000.0,12562000.0,11683000.0,12059000.0,10953000.0,8795000.0,7246000.0,5785000.0
,deferredIncomeTax,31323000.0,7488000.0,-6224000.0,49878000.0,-1223000.0,-16674000.0,-25540000.0,-1187000.0,-16000.0,0.0,0.0,0.0,0.0,0.0,0.0,0.0,0.0,-130000.0,0.0
,stockBasedCompensation,9330000.0,12550000.0,12217000.0,8680000.0,5001000.0,4611000.0,4097000.0,3949000.0,2945000.0,2354000.0,2179000.0,2445000.0,3188000.0,2661000.0,1723000.0,0.0,0.0,0.0,0.0
,changeInWorkingCapital,-264289000.0,119770000.0,-139080000.0,-4386000.0,-96583000.0,236169000.0,187718000.0,215907000.0,19197000.0,-23819000.0,67024000.0,35608000.0,42308000.0,16023000.0,41244000.0,31422000.0,31008000.0,115609000.0,-14595000.0
,accountsReceivables,63871000.0,-266997000.0,-300745000.0,-230201000.0,-224363000.0,-432382000.0,-436018000.0,-403921000.0,-157335000.0,-35506000.0,15464000.0,-108816000.0,-99521000.0,-32549000.0,4631000.0,-4889000.0,-28746000.0,0.0,-7321000.0
,inventory,23293000.0,278000.0,-8140000.0,-47038000.0,37113000.0,-42901000.0,-38537000.0,-46846000.0,-11145000.0,19814000.0,-18855000.0,32472000.0,-14476000.0,5603000.0,-13111000.0,-11641000.0,-8604000.0,-7624000.0,-10838000.0
,accountsPayables,17507000.0,-23041000.0,-499000.0,-31220000.0,18434000.0,4074000.0,-3374000.0,13252000.0,24897000.0,-13029000.0,17796000.0,-17865000.0,29630000.0,-22849000.0,13125000.0,13812000.0,500000.0,0.0,2293000.0
,otherWorkingCapital,632307000.0,896596000.0,776826000.0,915906000.0,920292000.0,1016875000.0,780706000.0,592988000.0,377081000.0,357884000.0,381703000.0,314679000.0,279071000.0,236763000.0,220740000.0,179496000.0,148074000.0,117066000.0,1457000.0
,otherNonCashItems,0.0,66461000.0,27461000.0,22838000.0,49407000.0,35896000.0,27474000.0,0.0,-202000.0,0.0,4283000.0,4788000.0,5806000.0,7236000.0,1913000.0,691000.0,1571000.0,1024000.0,0.0
,netCashProvidedByOperatingActivites,462115000.0,80066000.0,151801000.0,51361000.0,205130000.0,-174122000.0,-189901000.0,-210262000.0,-22803000.0,64517000.0,63058000.0,-31868000.0,-42700000.0,-5634000.0,28664000.0,64318000.0,170000.0,13417000.0,-1151000.0
,,,,,,,,,,,,,,,,,,,,,,,,,,,,,,,,,,,,,,,,,,,,,,,,,,,,,,,,,,,,,,,,,,,,,,,,,,,,,,,,,,,,,,,,,,,,,,,,,,,,,
CashProvidedByInvestingActivites,,,,,,,,,,,,,,,,,,,,,,,,,,,,,,,,,,,,,,,,,,,,,,,,,,,,,,,,,,,,,,,,,,,,,,,,,,,,,,,,,,,,,,,,,,,,,,,,,,,,,
,investmentsInPropertyPlantAndEquipment,-55927000.0,-57546000.0,-32814000.0,-16918000.0,-46556000.0,-63405000.0,-61696000.0,-52127000.0,-32353000.0,-4386000.0,-3028000.0,-10255000.0,-17597000.0,-18955000.0,-18425000.0,-18490000.0,-19619000.0,-9401000.0,-15070000.0
,acquisitionsNet,0.0,0.0,0.0,0.0,0.0,0.0,0.0,0.0,0.0,0.0,0.0,0.0,0.0,0.0,0.0,0.0,0.0,0.0,0.0
,purchasesOfInvestments,0.0,0.0,0.0,0.0,0.0,0.0,0.0,0.0,0.0,0.0,0.0,0.0,0.0,0.0,0.0,0.0,0.0,0.0,0.0
,salesMaturitiesOfInvestments,0.0,0.0,0.0,0.0,0.0,0.0,0.0,0.0,0.0,0.0,0.0,0.0,0.0,0.0,0.0,0.0,0.0,0.0,0.0
,otherInvestingActivites,0.0,724000.0,0.0,0.0,0.0,0.0,0.0,0.0,0.0,0.0,6000000.0,0.0,0.0,0.0,0.0,0.0,0.0,0.0,0.0
,netCashUsedForInvestingActivites,-55927000.0,-56822000.0,-32814000.0,-16918000.0,-35750000.0,-57758000.0,-42413000.0,-52083000.0,-9471000.0,-4386000.0,3681000.0,-10103000.0,-17373000.0,-10034000.0,-16147000.0,-18456000.0,-18488000.0,-8110000.0,-15056000.0
,,,,,,,,,,,,,,,,,,,,,,,,,,,,,,,,,,,,,,,,,,,,,,,,,,,,,,,,,,,,,,,,,,,,,,,,,,,,,,,,,,,,,,,,,,,,,,,,,,,,,
CashProvidedByFinancingingActivites,,,,,,,,,,,,,,,,,,,,,,,,,,,,,,,,,,,,,,,,,,,,,,,,,,,,,,,,,,,,,,,,,,,,,,,,,,,,,,,,,,,,,,,,,,,,,,,,,,,,,
,debtRepayment,-4753000.0,-2424146000.0,-2508025000.0,-2899154000.0,-1909246000.0,-1228875000.0,-494150000.0,-211551000.0,-367911000.0,-290875000.0,-737197000.0,-210104000.0,-134358000.0,-40579000.0,-25353000.0,-10532000.0,-60000.0,0.0,-4253000.0
,commonStockIssued,0.0,0.0,0.0,0.0,0.0,0.0,0.0,0.0,55995000.0,2065000.0,23545000.0,228000.0,802000.0,3188000.0,2617000.0,2813000.0,1603000.0,58754000.0,10000000.0
,commonStockRepurchased,0.0,-66290000.0,0.0,0.0,0.0,-151781000.0,0.0,0.0,0.0,0.0,0.0,0.0,0.0,-33274000.0,-3797000.0,0.0,0.0,-1454000.0,-200000.0
,dividendsPaid,0.0,0.0,0.0,0.0,0.0,0.0,0.0,0.0,0.0,0.0,0.0,0.0,0.0,0.0,0.0,0.0,0.0,0.0,0.0
,otherFinancingActivites,0.0,-11068000.0,-11828000.0,8127000.0,-42637000.0,-114374000.0,586000.0,6863000.0,-8604000.0,-8416000.0,-12986000.0,-426000.0,-2744000.0,303000.0,210000.0,-130000.0,-118000.0,0.0,-492000.0
,netCashUsedProvidedByFinancingActivities,-426783000.0,-7326000.0,-150208000.0,-48723000.0,-158068000.0,231911000.0,238810000.0,264223000.0,29858000.0,-64843000.0,-68009000.0,42316000.0,60856000.0,-29887000.0,-1123000.0,-7713000.0,11925000.0,5187000.0,17084000.0
,,,,,,,,,,,,,,,,,,,,,,,,,,,,,,,,,,,,,,,,,,,,,,,,,,,,,,,,,,,,,,,,,,,,,,,,,,,,,,,,,,,,,,,,,,,,,,,,,,,,,
Other,,,,,,,,,,,,,,,,,,,,,,,,,,,,,,,,,,,,,,,,,,,,,,,,,,,,,,,,,,,,,,,,,,,,,,,,,,,,,,,,,,,,,,,,,,,,,,,,,,,,,
,effectOfForexChangesOnCash,0.0,0.0,0.0,0.0,0.0,0.0,0.0,0.0,0.0,0.0,0.0,0.0,0.0,0.0,0.0,0.0,478000.0,0.0,0.0
,,,,,,,,,,,,,,,,,,,,,,,,,,,,,,,,,,,,,,,,,,,,,,,,,,,,,,,,,,,,,,,,,,,,,,,,,,,,,,,,,,,,,,,,,,,,,,,,,,,,,
Cash&CashFlow,,,,,,,,,,,,,,,,,,,,,,,,,,,,,,,,,,,,,,,,,,,,,,,,,,,,,,,,,,,,,,,,,,,,,,,,,,,,,,,,,,,,,,,,,,,,,,,,,,,,,
,netChangeInCash,-20595000.0,15918000.0,-31221000.0,-14280000.0,11312000.0,31000.0,6496000.0,1878000.0,-2416000.0,-4712000.0,-1270000.0,345000.0,783000.0,-45555000.0,11394000.0,38149000.0,-5915000.0,10494000.0,877000.0
,cashAtEndOfPeriod,60260000.0,80855000.0,64937000.0,9286000.0,23566000.0,12254000.0,12223000.0,5727000.0,3849000.0,6265000.0,10977000.0,12143000.0,11798000.0,11015000.0,56570000.0,45176000.0,7027000.0,12942000.0,2448000.0
,cashAtBeginningOfPeriod,80855000.0,64937000.0,96158000.0,23566000.0,12254000.0,12223000.0,5727000.0,3849000.0,6265000.0,10977000.0,12247000.0,11798000.0,11015000.0,56570000.0,45176000.0,7027000.0,12942000.0,2448000.0,1571000.0
,operatingCashFlow,462115000.0,80066000.0,151801000.0,51361000.0,205130000.0,-174122000.0,-189901000.0,-210262000.0,-22803000.0,64517000.0,63058000.0,-31868000.0,-42700000.0,-5634000.0,28664000.0,64318000.0,170000.0,13417000.0,-1151000.0
,capitalExpenditure,-55927000.0,-57546000.0,-32814000.0,-16918000.0,-46556000.0,-63405000.0,-61696000.0,-52127000.0,-32353000.0,-4386000.0,-3028000.0,-10255000.0,-17597000.0,-18955000.0,-18425000.0,-18490000.0,-19619000.0,-9401000.0,-15070000.0
,freeCashFlow,406188000.0,22520000.0,118987000.0,34443000.0,158574000.0,-237527000.0,-251597000.0,-262389000.0,-55156000.0,60131000.0,60030000.0,-42123000.0,-60297000.0,-24589000.0,10239000.0,45828000.0,-19449000.0,4016000.0,-16221000.0
