date,,2021-01-02_FY,2019-12-28_FY,2018-12-29_FY,2017-12-30_FY,2016-12-31_FY,2016-01-02_FY,2015-01-03_FY,2013-12-28_FY,2012-12-29_FY,2011-12-31_FY,2011-01-01_FY,2010-01-02_FY,2009-02-27_FY,2009-01-03_FY,2008-02-27_FY,2007-12-29_FY,2006-12-30_FY,2005-12-31_FY,2005-01-01_FY,2004-01-03_FY,2002-12-28_FY,2001-12-29_FY,2000-12-30_FY,2000-01-01_FY,1998-12-31_FY
,,,,,,,,,,,,,,,,,,,,,,,,,,,,,,,,,,,,,,,,,,,,,,,,,,,,,,,,,,,,,,,,,,,,,,,,,,,,,,,,,,,,,,,,,,,,,,,,,,,,,
CashProvidedByOperatingActivites,,,,,,,,,,,,,,,,,,,,,,,,,,,,,,,,,,,,,,,,,,,,,,,,,,,,,,,,,,,,,,,,,,,,,,,,,,,,,,,,,,,,,,,,,,,,,,,,,,,,,
,netIncome,109717000.0,263802000.0,282068000.0,302848000.0,258106000.0,237822000.0,194670000.0,160400000.0,161200000.0,114016000.0,146500000.0,115600000.0,75058000.0,77900000.0,-70618000.0,-70600000.0,87200000.0,47202000.0,49700000.0,23300000.0,19300000.0,-4200000.0,12700000.0,-3800000.0,3510000.0
,depreciationAndAmortization,90284000.0,95954000.0,89653000.0,84412000.0,73441000.0,68399000.0,74924000.0,68500000.0,39500000.0,32548000.0,31700000.0,32300000.0,30158000.0,30200000.0,29919000.0,29900000.0,26500000.0,38614000.0,19500000.0,22200000.0,18700000.0,19200000.0,17500000.0,16900000.0,17205000.0
,deferredIncomeTax,-23254000.0,-13300000.0,-1018000.0,-54936000.0,1294000.0,8657000.0,3911000.0,600000.0,-9700000.0,9128000.0,4400000.0,2300000.0,-1979000.0,-300000.0,-9630000.0,-9600000.0,500000.0,380000.0,-3100000.0,300000.0,-1300000.0,700000.0,200000.0,-2700000.0,1092000.0
,stockBasedCompensation,12830000.0,16529000.0,14673000.0,17549000.0,16847000.0,17029000.0,17598000.0,16040000.0,13049000.0,9644000.0,7303000.0,6775000.0,8652000.0,0.0,3601000.0,0.0,5942000.0,0.0,0.0,323000.0,0.0,0.0,0.0,0.0,0.0
,changeInWorkingCapital,521235000.0,-83280000.0,26073000.0,-90013000.0,-88413000.0,74403000.0,92187000.0,-12200000.0,84106000.0,96494000.0,27800000.0,132136000.0,13064000.0,33009000.0,91000.0,60900000.0,20868000.0,61332000.0,33100000.0,19500000.0,19900000.0,23400000.0,4329000.0,-17053000.0,-15130000.0
,accountsReceivables,6072000.0,8121000.0,-34448000.0,-18046000.0,5041000.0,-23837000.0,8405000.0,-26064000.0,-10200000.0,-33222000.0,39359000.0,3358000.0,13647000.0,46500000.0,-9092000.0,-9100000.0,-14471000.0,0.0,-15100000.0,-11718000.0,-18200000.0,-1600000.0,0.0,0.0,0.0
,inventory,4866000.0,-16683000.0,-30646000.0,-20922000.0,-17482000.0,-34352000.0,-32151000.0,-70691000.0,-1790000.0,-20571000.0,84509000.0,-10514000.0,0.0,22000000.0,-31906000.0,-31900000.0,-5134000.0,4639000.0,-16000000.0,940000.0,-16600000.0,3300000.0,0.0,0.0,-13769000.0
,accountsPayables,284824000.0,692100000.0,4982000.0,41175000.0,32061000.0,43318000.0,16043000.0,86515000.0,89709000.0,-18745000.0,18935000.0,18535000.0,22422000.0,-22400000.0,-13721000.0,14300000.0,7143000.0,0.0,3900000.0,-4339000.0,-15900000.0,400000.0,0.0,0.0,0.0
,otherWorkingCapital,1153492000.0,632257000.0,715537000.0,689464000.0,779477000.0,867890000.0,793487000.0,701300000.0,713500000.0,629394000.0,532900000.0,505100000.0,372964000.0,359900000.0,326891000.0,326800000.0,265900000.0,245032000.0,183700000.0,150600000.0,131100000.0,111200000.0,87800000.0,83471000.0,100524000.0
,otherNonCashItems,0.0,56257000.0,33486000.0,21132000.0,1461000.0,11476000.0,19314000.0,9100000.0,15900000.0,116500000.0,600000.0,-100000.0,0.0,9200000.0,0.0,154600000.0,-700000.0,1937000.0,6200000.0,12100000.0,2700000.0,13300000.0,1600000.0,8800000.0,387000.0
,netCashProvidedByOperatingActivites,589894000.0,387215000.0,356198000.0,329621000.0,369229000.0,307987000.0,282397000.0,209700000.0,278600000.0,81074000.0,85800000.0,188200000.0,183623000.0,183600000.0,51987000.0,52000000.0,88200000.0,137267000.0,42700000.0,40500000.0,27300000.0,31300000.0,24200000.0,36500000.0,7064000.0
,,,,,,,,,,,,,,,,,,,,,,,,,,,,,,,,,,,,,,,,,,,,,,,,,,,,,,,,,,,,,,,,,,,,,,,,,,,,,,,,,,,,,,,,,,,,,,,,,,,,,
CashProvidedByInvestingActivites,,,,,,,,,,,,,,,,,,,,,,,,,,,,,,,,,,,,,,,,,,,,,,,,,,,,,,,,,,,,,,,,,,,,,,,,,,,,,,,,,,,,,,,,,,,,,,,,,,,,,
,investmentsInPropertyPlantAndEquipment,0.0,-61419000.0,-63783000.0,-69473000.0,0.0,-103497000.0,-103453000.0,-182525000.0,-83398000.0,0.0,-39782000.0,4084000.0,0.0,-37500000.0,57000.0,-21900000.0,348000.0,-22588000.0,-20500000.0,275000.0,-18000000.0,-19000000.0,-17200000.0,-12700000.0,0.0
,acquisitionsNet,0.0,0.0,96000.0,-158457000.0,0.0,0.0,0.0,0.0,0.0,-61000000.0,-61000000.0,0.0,0.0,0.0,0.0,0.0,0.0,-310000000.0,-310000000.0,0.0,0.0,0.0,0.0,0.0,0.0
,purchasesOfInvestments,0.0,-196910000.0,-193028000.0,-188762000.0,0.0,-110290000.0,-82099000.0,-454133000.0,0.0,0.0,0.0,0.0,0.0,0.0,0.0,0.0,0.0,-210825000.0,0.0,0.0,0.0,0.0,0.0,0.0,0.0
,salesMaturitiesOfInvestments,0.0,0.0,0.0,0.0,0.0,0.0,0.0,0.0,0.0,0.0,0.0,0.0,0.0,0.0,0.0,0.0,0.0,229180000.0,0.0,0.0,0.0,0.0,0.0,0.0,0.0
,otherInvestingActivites,0.0,197659000.0,193504000.0,30320000.0,0.0,110362000.0,80820000.0,416126000.0,6000.0,0.0,286000.0,0.0,0.0,0.0,0.0,0.0,0.0,2954000.0,0.0,0.0,0.0,0.0,0.0,0.0,0.0
,netCashUsedForInvestingActivites,-32871000.0,-60670000.0,-63307000.0,-227915000.0,-88340000.0,-103425000.0,-104732000.0,-220500000.0,-83400000.0,-106692000.0,-39500000.0,-28900000.0,-37529000.0,-37500000.0,-21819000.0,-21800000.0,-30500000.0,-308403000.0,-18600000.0,-16500000.0,-15600000.0,-256700000.0,-19200000.0,-12400000.0,-17960000.0
,,,,,,,,,,,,,,,,,,,,,,,,,,,,,,,,,,,,,,,,,,,,,,,,,,,,,,,,,,,,,,,,,,,,,,,,,,,,,,,,,,,,,,,,,,,,,,,,,,,,,
CashProvidedByFinancingingActivites,,,,,,,,,,,,,,,,,,,,,,,,,,,,,,,,,,,,,,,,,,,,,,,,,,,,,,,,,,,,,,,,,,,,,,,,,,,,,,,,,,,,,,,,,,,,,,,,,,,,,
,debtRepayment,-7639000.0,-400000000.0,-968000.0,-2119000.0,0.0,-1628000.0,-177000.0,-6989000.0,-1916000.0,0.0,-334523000.0,0.0,0.0,0.0,0.0,0.0,0.0,0.0,0.0,-6661000.0,0.0,0.0,0.0,0.0,-104250000.0
,commonStockIssued,0.0,0.0,0.0,0.0,0.0,0.0,0.0,0.0,0.0,0.0,0.0,0.0,0.0,0.0,0.0,0.0,0.0,1986000.0,0.0,93869000.0,0.0,0.0,0.0,0.0,60000.0
,commonStockRepurchased,-45255000.0,-182420000.0,-182431000.0,-180324000.0,-300445000.0,-103314000.0,-73035000.0,-441200000.0,5700000.0,0.0,-41200000.0,5100000.0,0.0,-32800000.0,0.0,-54400000.0,2400000.0,0.0,1600000.0,94500000.0,1000000.0,127200000.0,-100000.0,-500000.0,-320000.0
,dividendsPaid,-26260000.0,-89591000.0,-83717000.0,-70914000.0,-66355000.0,-46028000.0,-40477000.0,-27700000.0,0.0,0.0,0.0,0.0,0.0,0.0,0.0,0.0,0.0,0.0,0.0,-24900000.0,0.0,0.0,0.0,0.0,0.0
,otherFinancingActivites,0.0,403117000.0,-22201000.0,36601000.0,-3873000.0,-5687000.0,138000.0,397190000.0,-46317000.0,4719000.0,447921000.0,0.0,0.0,0.0,0.0,0.0,0.0,-10780000.0,0.0,0.0,0.0,0.0,0.0,0.0,383000.0
,netCashUsedProvidedByFinancingActivities,324843000.0,-283384000.0,-298946000.0,-223075000.0,-363507000.0,-162005000.0,-122438000.0,-84700000.0,-46300000.0,11505000.0,-134000000.0,13300000.0,-32757000.0,-32800000.0,-49701000.0,-49700000.0,-73500000.0,222147000.0,-26900000.0,-23500000.0,-900000.0,246400000.0,-4700000.0,-24700000.0,10623000.0
,,,,,,,,,,,,,,,,,,,,,,,,,,,,,,,,,,,,,,,,,,,,,,,,,,,,,,,,,,,,,,,,,,,,,,,,,,,,,,,,,,,,,,,,,,,,,,,,,,,,,
Other,,,,,,,,,,,,,,,,,,,,,,,,,,,,,,,,,,,,,,,,,,,,,,,,,,,,,,,,,,,,,,,,,,,,,,,,,,,,,,,,,,,,,,,,,,,,,,,,,,,,,
,effectOfForexChangesOnCash,0.0,1073000.0,-2362000.0,505000.0,767000.0,-1986000.0,-1135000.0,-200000.0,-200000.0,225000.0,0.0,0.0,0.0,0.0,0.0,0.0,0.0,0.0,0.0,0.0,0.0,0.0,0.0,0.0,0.0
,,,,,,,,,,,,,,,,,,,,,,,,,,,,,,,,,,,,,,,,,,,,,,,,,,,,,,,,,,,,,,,,,,,,,,,,,,,,,,,,,,,,,,,,,,,,,,,,,,,,,
Cash&CashFlow,,,,,,,,,,,,,,,,,,,,,,,,,,,,,,,,,,,,,,,,,,,,,,,,,,,,,,,,,,,,,,,,,,,,,,,,,,,,,,,,,,,,,,,,,,,,,,,,,,,,,
,netChangeInCash,888012000.0,44234000.0,-8417000.0,-120864000.0,-81851000.0,40571000.0,54092000.0,-95700000.0,148700000.0,-13888000.0,-87700000.0,172700000.0,113337000.0,113300000.0,-19533000.0,-19500000.0,-15700000.0,51011000.0,-2800000.0,500000.0,10900000.0,21000000.0,300000.0,-600000.0,-273000.0
,cashAtEndOfPeriod,1102323000.0,214311000.0,170077000.0,178494000.0,299358000.0,381209000.0,340592000.0,286500000.0,382200000.0,233494000.0,247300000.0,335000000.0,162349000.0,162300000.0,49012000.0,49000000.0,68600000.0,84276000.0,33300000.0,36100000.0,35600000.0,24700000.0,300000.0,169477000.0,3986000.0
,cashAtBeginningOfPeriod,214311000.0,170077000.0,178494000.0,299358000.0,381209000.0,340638000.0,286500000.0,382200000.0,233500000.0,247382000.0,335000000.0,162300000.0,49012000.0,49000000.0,68545000.0,68500000.0,84300000.0,33265000.0,36100000.0,35600000.0,24700000.0,3700000.0,0.0,170077000.0,4259000.0
,operatingCashFlow,589894000.0,387215000.0,356198000.0,329621000.0,369229000.0,307987000.0,282397000.0,209700000.0,278600000.0,81074000.0,85800000.0,188200000.0,183623000.0,183600000.0,51987000.0,52000000.0,88200000.0,137267000.0,42700000.0,40500000.0,27300000.0,31300000.0,24200000.0,36500000.0,7064000.0
,capitalExpenditure,0.0,-61419000.0,-63783000.0,-69473000.0,-88556000.0,-103497000.0,-103453000.0,-182525000.0,-83398000.0,-45495000.0,-39782000.0,4084000.0,0.0,-37500000.0,57000.0,-21900000.0,348000.0,-22588000.0,-20500000.0,275000.0,-18000000.0,-19000000.0,-17200000.0,-12700000.0,-17991000.0
,freeCashFlow,589894000.0,325796000.0,292415000.0,260148000.0,280673000.0,204490000.0,178944000.0,27200000.0,195200000.0,35579000.0,46000000.0,155200000.0,183623000.0,146100000.0,52044000.0,30100000.0,57400000.0,114679000.0,22200000.0,23200000.0,9300000.0,12300000.0,7000000.0,23800000.0,-10927000.0
