date,,2020-12-31_FY,2019-12-31_FY,2018-12-31_FY,2017-12-31_FY,2016-12-31_FY,2015-12-31_FY,2014-12-31_FY,2013-12-31_FY,2012-12-31_FY,2011-12-31_FY,2010-12-31_FY,2009-12-31_FY,2008-12-31_FY,2007-12-31_FY,2006-12-31_FY,2005-12-31_FY,2004-12-31_FY,2003-12-31_FY,2002-12-31_FY,2002-10-31_FY,2001-12-31_FY,2000-12-31_FY,1999-12-31_FY,1998-12-31_FY,1997-12-31_FY,1996-12-31_FY,1995-12-31_FY,1994-12-31_FY
,,,,,,,,,,,,,,,,,,,,,,,,,,,,,,,,,,,,,,,,,,,,,,,,,,,,,,,,,,,,,,,,,,,,,,,,,,,,,,,,,,,,,,,,,,,,,,,,,,,,,
CashProvidedByOperatingActivites,,,,,,,,,,,,,,,,,,,,,,,,,,,,,,,,,,,,,,,,,,,,,,,,,,,,,,,,,,,,,,,,,,,,,,,,,,,,,,,,,,,,,,,,,,,,,,,,,,,,,
,netIncome,-967166000.0,-1221695000.0,-2244568000.0,1508529000.0,-452983000.0,85171000.0,386965000.0,390572000.0,183395000.0,479769000.0,227700000.0,156929000.0,255604000.0,257483000.0,220286000.0,260055000.0,279854000.0,170001000.0,154107000.0,154107000.0,151808000.0,106173000.0,69100000.0,-44200000.0,78100000.0,59400000.0,1500000.0,60700000.0
,depreciationAndAmortization,1419471000.0,1597957000.0,1807113000.0,1088499000.0,927920000.0,819216000.0,679298000.0,676570000.0,499118000.0,0.0,0.0,0.0,0.0,109802000.0,100122000.0,93527000.0,84738000.0,79818000.0,69448000.0,69448000.0,75041000.0,97777000.0,123800000.0,89500000.0,95100000.0,82400000.0,104600000.0,93300000.0
,deferredIncomeTax,-155840000.0,-275063000.0,-510405000.0,-1050612000.0,-180261000.0,17876000.0,32021000.0,110363000.0,95185000.0,234019000.0,153912000.0,234776000.0,245801000.0,32380000.0,64642000.0,-125200000.0,141151000.0,64284000.0,42869000.0,42869000.0,62340000.0,54519000.0,14600000.0,-29500000.0,25300000.0,26100000.0,-74300000.0,-5100000.0
,stockBasedCompensation,19552000.0,31233000.0,25189000.0,94592000.0,44605000.0,58629000.0,42123000.0,52618000.0,40230000.0,20080000.0,0.0,6768000.0,0.0,0.0,0.0,0.0,0.0,0.0,0.0,28485000.0,0.0,0.0,0.0,0.0,0.0,0.0,0.0,0.0
,changeInWorkingCapital,139178000.0,794290000.0,-316155000.0,-1092761000.0,-431621000.0,384356000.0,338829000.0,449635000.0,-602844000.0,654268000.0,148464000.0,197918000.0,661635000.0,-398732000.0,616944000.0,-632605000.0,-209902000.0,-31077000.0,109252000.0,-232095000.0,262999000.0,-159145000.0,-110700000.0,69000000.0,-26400000.0,-23000000.0,179500000.0,-15600000.0
,accountsReceivables,-36296000.0,432323000.0,-439062000.0,-8979000.0,-165507000.0,131031000.0,-70392000.0,-44818000.0,-48364000.0,0.0,0.0,66327000.0,-33377000.0,0.0,0.0,0.0,0.0,0.0,0.0,8564000.0,0.0,0.0,0.0,0.0,0.0,0.0,0.0,0.0
,inventory,0.0,0.0,0.0,0.0,0.0,0.0,15511000.0,30090000.0,43277000.0,1117000.0,45104000.0,73181000.0,-4697000.0,-14357000.0,20793000.0,-85296000.0,-45283000.0,-84738000.0,21710000.0,21710000.0,-11199000.0,-35853000.0,0.0,0.0,0.0,-15500000.0,5300000.0,2300000.0
,accountsPayables,-29193000.0,-238674000.0,457113000.0,-16680000.0,40548000.0,-37623000.0,30350000.0,53527000.0,32275000.0,42262000.0,-36853000.0,-107745000.0,77475000.0,0.0,0.0,0.0,0.0,0.0,0.0,34824000.0,0.0,0.0,0.0,0.0,0.0,0.0,0.0,0.0
,otherWorkingCapital,273295000.0,408953000.0,-385337000.0,-69182000.0,1023579000.0,1455200000.0,1070844000.0,732015000.0,282380000.0,885224000.0,230956000.0,82492000.0,-115426000.0,-777061000.0,-378329000.0,-995273000.0,-362668000.0,-152766000.0,-121689000.0,-230941000.0,1154000.0,-261845000.0,-102700000.0,8000000.0,-61000000.0,-34600000.0,-11600000.0,-191100000.0
,otherNonCashItems,887939000.0,269255000.0,-189030000.0,15773000.0,257135000.0,162140000.0,27386000.0,-9508000.0,-10246000.0,0.0,23291000.0,10949000.0,19579000.0,-15334000.0,-18193000.0,-35864000.0,-181629000.0,-35655000.0,-27863000.0,0.0,14866000.0,1229000.0,200000.0,-24500000.0,-100000.0,-100000.0,200000.0,200000.0
,netCashProvidedByOperatingActivites,1537701000.0,1851704000.0,2976256000.0,1637698000.0,1064320000.0,1216940000.0,1414742000.0,1200398000.0,820867000.0,915264000.0,789740000.0,725741000.0,509157000.0,426720000.0,619288000.0,-311962000.0,176363000.0,121030000.0,213017000.0,213017000.0,129869000.0,361153000.0,173400000.0,64500000.0,114200000.0,65600000.0,279800000.0,135100000.0
,,,,,,,,,,,,,,,,,,,,,,,,,,,,,,,,,,,,,,,,,,,,,,,,,,,,,,,,,,,,,,,,,,,,,,,,,,,,,,,,,,,,,,,,,,,,,,,,,,,,,
CashProvidedByInvestingActivites,,,,,,,,,,,,,,,,,,,,,,,,,,,,,,,,,,,,,,,,,,,,,,,,,,,,,,,,,,,,,,,,,,,,,,,,,,,,,,,,,,,,,,,,,,,,,,,,,,,,,
,investmentsInPropertyPlantAndEquipment,0.0,0.0,0.0,0.0,0.0,0.0,0.0,0.0,0.0,0.0,0.0,0.0,0.0,-776667000.0,-404536000.0,-275798000.0,-202351000.0,-221499000.0,-218494000.0,0.0,-132679000.0,-123727000.0,-142100000.0,-170500000.0,-252900000.0,-110300000.0,-118100000.0,-146200000.0
,acquisitionsNet,-692000000.0,0.0,0.0,-2379000000.0,0.0,0.0,-174000000.0,0.0,0.0,0.0,0.0,0.0,0.0,0.0,0.0,-58000000.0,0.0,0.0,0.0,0.0,0.0,0.0,0.0,0.0,0.0,0.0,0.0,0.0
,purchasesOfInvestments,0.0,0.0,0.0,0.0,-288772000.0,0.0,0.0,0.0,0.0,0.0,-750000.0,-3000000.0,-3000000.0,-9709000.0,-2471000.0,-4009000.0,0.0,0.0,-17592000.0,0.0,0.0,0.0,0.0,0.0,0.0,0.0,0.0,0.0
,salesMaturitiesOfInvestments,0.0,0.0,0.0,283758000.0,3890000.0,0.0,0.0,0.0,0.0,29947000.0,12306000.0,0.0,0.0,7295000.0,0.0,0.0,0.0,0.0,1494000.0,0.0,0.0,0.0,0.0,0.0,0.0,0.0,0.0,0.0
,otherInvestingActivites,126050000.0,1312000.0,573603000.0,67153000.0,0.0,-17130000.0,7444000.0,763587000.0,4842000.0,619999000.0,0.0,-12212000.0,0.0,-28092000.0,-724000.0,485562000.0,44452000.0,613000.0,66926000.0,0.0,-62140000.0,435827000.0,-23400000.0,-100000.0,-100000.0,0.0,0.0,0.0
,netCashUsedForInvestingActivites,-1555800000.0,-1601142000.0,-3979104000.0,-4127070000.0,-2961481000.0,-2525607000.0,-2444212000.0,-1037312000.0,-1394543000.0,-624334000.0,-1239429000.0,-985520000.0,-1375996000.0,-590138000.0,-407731000.0,347746000.0,-157899000.0,-214336000.0,-167666000.0,-167666000.0,-125761000.0,-363008000.0,-156600000.0,167700000.0,-71400000.0,-106100000.0,-93500000.0,-145000000.0
,,,,,,,,,,,,,,,,,,,,,,,,,,,,,,,,,,,,,,,,,,,,,,,,,,,,,,,,,,,,,,,,,,,,,,,,,,,,,,,,,,,,,,,,,,,,,,,,,,,,,
CashProvidedByFinancingingActivites,,,,,,,,,,,,,,,,,,,,,,,,,,,,,,,,,,,,,,,,,,,,,,,,,,,,,,,,,,,,,,,,,,,,,,,,,,,,,,,,,,,,,,,,,,,,,,,,,,,,,
,debtRepayment,-5934512000.0,-4189411000.0,-8961876000.0,-3076500000.0,-1044119000.0,-487004000.0,-461162000.0,-23204000.0,-219315000.0,-15457000.0,37688000.0,-326091000.0,-166057000.0,0.0,0.0,0.0,0.0,0.0,0.0,-641000.0,0.0,0.0,0.0,0.0,0.0,0.0,0.0,0.0
,commonStockIssued,340923000.0,0.0,0.0,0.0,1443101000.0,1855966000.0,902467000.0,529442000.0,276780000.0,0.0,537206000.0,0.0,560739000.0,3198000.0,34910000.0,0.0,26776000.0,39155000.0,28485000.0,0.0,6855000.0,0.0,0.0,2500000.0,6600000.0,2300000.0,2800000.0,1800000.0
,commonStockRepurchased,0.0,0.0,-538903000.0,-30000.0,-30000.0,-3375000.0,-32368000.0,0.0,0.0,0.0,0.0,0.0,0.0,0.0,0.0,-122250000.0,-118472000.0,-55235000.0,-97028000.0,0.0,-61203000.0,-29483000.0,-94600000.0,-37700000.0,-28600000.0,0.0,-200000.0,-400000.0
,dividendsPaid,-7664000.0,-30655000.0,-31375000.0,-20827000.0,-20156000.0,-18310000.0,-18207000.0,-18094000.0,-131803000.0,-131625000.0,-127292000.0,-115368000.0,-111403000.0,-107086000.0,-104871000.0,-99737000.0,-89364000.0,-60419000.0,-41809000.0,-41809000.0,-40356000.0,-38490000.0,-40400000.0,-43800000.0,-42700000.0,-41500000.0,-41100000.0,-39700000.0
,otherFinancingActivites,-85284000.0,-8137000.0,-748272000.0,-432740000.0,-225492000.0,-168772000.0,-131845000.0,-32781000.0,-9053000.0,-8947000.0,2087000.0,401000.0,946000.0,15687000.0,15739000.0,51368000.0,0.0,0.0,0.0,0.0,0.0,9039000.0,17000000.0,125000000.0,100000.0,-100000.0,0.0,0.0
,netCashUsedProvidedByFinancingActivities,31713000.0,-249453000.0,859020000.0,1533147000.0,1399469000.0,1832470000.0,1261258000.0,500500000.0,-75520000.0,540321000.0,449689000.0,259779000.0,785128000.0,245129000.0,-286523000.0,39182000.0,-55798000.0,112892000.0,-57225000.0,-57225000.0,-26509000.0,35847000.0,-101200000.0,-199200000.0,11900000.0,25100000.0,-179500000.0,18200000.0
,,,,,,,,,,,,,,,,,,,,,,,,,,,,,,,,,,,,,,,,,,,,,,,,,,,,,,,,,,,,,,,,,,,,,,,,,,,,,,,,,,,,,,,,,,,,,,,,,,,,,
Other,,,,,,,,,,,,,,,,,,,,,,,,,,,,,,,,,,,,,,,,,,,,,,,,,,,,,,,,,,,,,,,,,,,,,,,,,,,,,,,,,,,,,,,,,,,,,,,,,,,,,
,effectOfForexChangesOnCash,0.0,0.0,0.0,0.0,0.0,0.0,0.0,0.0,0.0,0.0,0.0,0.0,0.0,0.0,0.0,0.0,0.0,0.0,0.0,0.0,0.0,0.0,0.0,0.0,0.0,0.0,0.0,0.0
,,,,,,,,,,,,,,,,,,,,,,,,,,,,,,,,,,,,,,,,,,,,,,,,,,,,,,,,,,,,,,,,,,,,,,,,,,,,,,,,,,,,,,,,,,,,,,,,,,,,,
Cash&CashFlow,,,,,,,,,,,,,,,,,,,,,,,,,,,,,,,,,,,,,,,,,,,,,,,,,,,,,,,,,,,,,,,,,,,,,,,,,,,,,,,,,,,,,,,,,,,,,,,,,,,,,
,netChangeInCash,13614000.0,1109000.0,-143828000.0,-956225000.0,-497692000.0,523803000.0,231788000.0,663586000.0,-649196000.0,0.0,0.0,0.0,0.0,0.0,0.0,0.0,0.0,19586000.0,-11874000.0,-11874000.0,-22401000.0,33992000.0,-84400000.0,33000000.0,54700000.0,-15500000.0,6800000.0,8400000.0
,cashAtEndOfPeriod,18210000.0,4596000.0,3487000.0,147315000.0,1103540000.0,1601232000.0,1077429000.0,845641000.0,182055000.0,831251000.0,0.0,0.0,0.0,81711000.0,0.0,74966000.0,0.0,37334000.0,17748000.0,17748000.0,29622000.0,52023000.0,18000000.0,102400000.0,69400000.0,14700000.0,30200000.0,23400000.0
,cashAtBeginningOfPeriod,4596000.0,3487000.0,147315000.0,1103540000.0,1601232000.0,1077429000.0,845641000.0,182055000.0,831251000.0,0.0,0.0,0.0,81711000.0,0.0,74966000.0,0.0,37334000.0,17748000.0,29622000.0,29622000.0,52023000.0,18031000.0,102400000.0,69400000.0,14700000.0,30200000.0,23400000.0,15000000.0
,operatingCashFlow,1537701000.0,1851704000.0,2976256000.0,1637698000.0,1064320000.0,1216940000.0,1414742000.0,1200398000.0,820867000.0,915264000.0,789740000.0,725741000.0,509157000.0,426720000.0,619288000.0,-311962000.0,176363000.0,121030000.0,213017000.0,213017000.0,129869000.0,361153000.0,173400000.0,64500000.0,114200000.0,65600000.0,279800000.0,135100000.0
,capitalExpenditure,-1042231000.0,-1602454000.0,-3731764000.0,-2758159000.0,-2590733000.0,-2434018000.0,-2451656000.0,-1800899000.0,-1399385000.0,-1274280000.0,-1250985000.0,-963908000.0,-1343996000.0,-776667000.0,-404536000.0,-275798000.0,-202351000.0,-221499000.0,-218494000.0,0.0,-132679000.0,-123727000.0,-142100000.0,-170500000.0,-252900000.0,-110300000.0,-118100000.0,-146200000.0
,freeCashFlow,495470000.0,249250000.0,-755508000.0,-1120461000.0,-1526413000.0,-1217078000.0,-1036914000.0,-600501000.0,-578518000.0,-359016000.0,-461245000.0,-238167000.0,-834839000.0,-349947000.0,214752000.0,-587760000.0,-25988000.0,-100469000.0,-5477000.0,213017000.0,-2810000.0,237426000.0,31300000.0,-106000000.0,-138700000.0,-44700000.0,161700000.0,-11100000.0
