date,,2020-12-31_FY,2019-12-31_FY,2018-12-31_FY,2017-12-31_FY,2016-12-31_FY,2015-12-31_FY,2014-12-31_FY,2013-12-31_FY,2012-12-31_FY,2011-12-31_FY,2010-12-31_FY,2009-12-31_FY,2008-12-31_FY,2007-12-31_FY,2006-12-31_FY,2005-12-31_FY,2004-12-31_FY,2003-12-31_FY,2002-12-31_FY,2001-12-31_FY,2000-12-31_FY,1999-12-31_FY,1998-12-31_FY,1997-12-31_FY,1996-12-31_FY,1995-12-31_FY,1994-12-31_FY,1993-12-31_FY,1992-12-31_FY,1991-12-31_FY,1990-12-31_FY,1989-12-31_FY
,,,,,,,,,,,,,,,,,,,,,,,,,,,,,,,,,,,,,,,,,,,,,,,,,,,,,,,,,,,,,,,,,,,,,,,,,,,,,,,,,,,,,,,,,,,,,,,,,,,,,
CashProvidedByOperatingActivites,,,,,,,,,,,,,,,,,,,,,,,,,,,,,,,,,,,,,,,,,,,,,,,,,,,,,,,,,,,,,,,,,,,,,,,,,,,,,,,,,,,,,,,,,,,,,,,,,,,,,
,netIncome,41203000.0,41555000.0,41573000.0,35122000.0,30880000.0,25890000.0,23014000.0,21300000.0,20393000.0,19457000.0,18392000.0,13463000.0,12962000.0,11482000.0,11227000.0,12277000.0,12081000.0,11365000.0,11563000.0,10094000.0,9318000.0,9900000.0,8400000.0,7600000.0,6900000.0,6200000.0,6000000.0,6200000.0,5000000.0,4200000.0,4600000.0,4400000.0
,depreciationAndAmortization,6372000.0,6218000.0,4068000.0,3604000.0,3219000.0,3013000.0,2855000.0,2824000.0,2816000.0,2667000.0,2487000.0,2154000.0,1831000.0,1894000.0,1669000.0,2599000.0,3652000.0,5763000.0,4081000.0,1340000.0,675000.0,1700000.0,600000.0,-300000.0,-800000.0,-1100000.0,-400000.0,1200000.0,1800000.0,600000.0,600000.0,600000.0
,deferredIncomeTax,-1331000.0,-1212000.0,-1601000.0,1114000.0,1233000.0,-881000.0,-594000.0,-801000.0,2835000.0,743000.0,-612000.0,-72000.0,-229000.0,0.0,-211000.0,-293000.0,270000.0,151000.0,-109000.0,-142000.0,252000.0,100000.0,100000.0,-100000.0,600000.0,0.0,-100000.0,0.0,-300000.0,-200000.0,0.0,0.0
,stockBasedCompensation,1788000.0,3050000.0,1814000.0,2434000.0,1517000.0,1319000.0,1511000.0,592000.0,782000.0,756000.0,647000.0,681000.0,0.0,0.0,0.0,0.0,0.0,0.0,0.0,0.0,0.0,0.0,0.0,0.0,0.0,0.0,0.0,0.0,0.0,0.0,0.0,0.0
,changeInWorkingCapital,-4282000.0,883000.0,6784000.0,-3965000.0,-6061000.0,-1346000.0,478000.0,4221000.0,1243000.0,482000.0,-285000.0,-10046000.0,-2344000.0,-899000.0,-1313000.0,-355000.0,158000.0,-1037000.0,1081000.0,-592000.0,563000.0,-200000.0,-400000.0,400000.0,-1300000.0,1100000.0,-500000.0,-400000.0,500000.0,-100000.0,200000.0,700000.0
,accountsReceivables,0.0,0.0,0.0,0.0,0.0,0.0,0.0,0.0,0.0,0.0,0.0,0.0,0.0,0.0,0.0,0.0,0.0,0.0,0.0,0.0,0.0,0.0,0.0,0.0,0.0,0.0,0.0,0.0,0.0,0.0,0.0,0.0
,inventory,0.0,0.0,0.0,0.0,0.0,0.0,0.0,0.0,0.0,0.0,0.0,0.0,0.0,0.0,0.0,0.0,0.0,0.0,0.0,0.0,0.0,0.0,0.0,0.0,0.0,0.0,0.0,0.0,0.0,0.0,0.0,0.0
,accountsPayables,0.0,0.0,0.0,0.0,0.0,0.0,0.0,0.0,0.0,0.0,0.0,0.0,0.0,0.0,0.0,0.0,0.0,0.0,0.0,0.0,0.0,0.0,0.0,0.0,0.0,0.0,0.0,0.0,0.0,0.0,0.0,0.0
,otherWorkingCapital,-531000.0,921000.0,2782000.0,-4996000.0,0.0,0.0,0.0,0.0,0.0,1022000.0,1539000.0,0.0,0.0,0.0,-1280000.0,0.0,183000.0,-1124000.0,1080000.0,-501000.0,453000.0,0.0,0.0,0.0,0.0,0.0,0.0,0.0,0.0,0.0,0.0,0.0
,otherNonCashItems,-2313000.0,-2194000.0,-2134000.0,-1509000.0,-1038000.0,-879000.0,-520000.0,-520000.0,-500000.0,-502000.0,-496000.0,-517000.0,2199000.0,632000.0,470000.0,181000.0,104000.0,457000.0,100000.0,100000.0,-75000.0,-100000.0,-100000.0,-400000.0,100000.0,0.0,200000.0,200000.0,600000.0,1600000.0,1000000.0,800000.0
,netCashProvidedByOperatingActivites,46035000.0,49987000.0,59374000.0,47172000.0,35589000.0,35336000.0,35584000.0,39686000.0,35021000.0,29561000.0,26611000.0,10873000.0,14419000.0,13343000.0,12477000.0,15164000.0,16746000.0,16366000.0,16728000.0,11049000.0,10962000.0,10500000.0,8600000.0,7200000.0,5600000.0,6200000.0,5500000.0,6600000.0,7600000.0,6100000.0,6400000.0,6500000.0
,,,,,,,,,,,,,,,,,,,,,,,,,,,,,,,,,,,,,,,,,,,,,,,,,,,,,,,,,,,,,,,,,,,,,,,,,,,,,,,,,,,,,,,,,,,,,,,,,,,,,
CashProvidedByInvestingActivites,,,,,,,,,,,,,,,,,,,,,,,,,,,,,,,,,,,,,,,,,,,,,,,,,,,,,,,,,,,,,,,,,,,,,,,,,,,,,,,,,,,,,,,,,,,,,,,,,,,,,
,investmentsInPropertyPlantAndEquipment,-3008000.0,-2875000.0,-5687000.0,-8891000.0,-7250000.0,-5489000.0,-6246000.0,-3016000.0,-5570000.0,-3634000.0,-5370000.0,-7651000.0,0.0,0.0,0.0,0.0,0.0,0.0,0.0,0.0,0.0,0.0,0.0,0.0,0.0,0.0,0.0,0.0,0.0,0.0,0.0,0.0
,acquisitionsNet,0.0,0.0,0.0,0.0,0.0,0.0,0.0,0.0,0.0,0.0,0.0,0.0,0.0,0.0,0.0,0.0,0.0,0.0,0.0,0.0,0.0,0.0,0.0,0.0,0.0,0.0,0.0,0.0,0.0,0.0,0.0,0.0
,purchasesOfInvestments,-171447000.0,-97514000.0,-400233000.0,-147491000.0,-268732000.0,-148666000.0,-83973000.0,-148882000.0,-169571000.0,-339058000.0,-245627000.0,-456602000.0,-211534000.0,-163526000.0,-97358000.0,-198045000.0,-361711000.0,-296140000.0,-187736000.0,-491803000.0,-266240000.0,-98200000.0,-95000000.0,-82000000.0,-81600000.0,-76400000.0,-164100000.0,-285500000.0,-72600000.0,-84300000.0,-48000000.0,-25000000.0
,salesMaturitiesOfInvestments,210516000.0,176381000.0,343873000.0,243133000.0,174978000.0,186231000.0,116644000.0,151878000.0,257632000.0,152303000.0,263774000.0,240652000.0,131972000.0,153823000.0,159301000.0,206116000.0,343999000.0,224857000.0,126789000.0,411454000.0,250434000.0,76700000.0,69200000.0,58000000.0,78200000.0,74300000.0,167500000.0,276800000.0,47100000.0,33300000.0,26900000.0,33700000.0
,otherInvestingActivites,162734000.0,83355000.0,-329279000.0,-442459000.0,-300757000.0,-448882000.0,-346924000.0,-338989000.0,-163892000.0,-87607000.0,-76614000.0,-169547000.0,-141434000.0,-79850000.0,-74009000.0,-40355000.0,-29000000.0,-62636000.0,-34932000.0,-35103000.0,-11343000.0,-13300000.0,-17700000.0,-2500000.0,-7300000.0,-2900000.0,-7700000.0,-6300000.0,-8600000.0,-1200000.0,-7400000.0,-9500000.0
,netCashUsedForInvestingActivites,198795000.0,159347000.0,-391326000.0,-355708000.0,-401761000.0,-416806000.0,-320499000.0,-339009000.0,-81401000.0,-277996000.0,-63837000.0,-393148000.0,-220996000.0,-89553000.0,-12066000.0,-32284000.0,-46712000.0,-133919000.0,-95879000.0,-115452000.0,-27149000.0,-34800000.0,-43500000.0,-26500000.0,-10700000.0,-5000000.0,-4300000.0,-15000000.0,-34100000.0,-52200000.0,-28500000.0,-800000.0
,,,,,,,,,,,,,,,,,,,,,,,,,,,,,,,,,,,,,,,,,,,,,,,,,,,,,,,,,,,,,,,,,,,,,,,,,,,,,,,,,,,,,,,,,,,,,,,,,,,,,
CashProvidedByFinancingingActivites,,,,,,,,,,,,,,,,,,,,,,,,,,,,,,,,,,,,,,,,,,,,,,,,,,,,,,,,,,,,,,,,,,,,,,,,,,,,,,,,,,,,,,,,,,,,,,,,,,,,,
,debtRepayment,-214029000.0,-73500000.0,-101450000.0,-27050000.0,-31756000.0,-74584000.0,0.0,0.0,-128812000.0,-12000000.0,-49817000.0,-12715000.0,0.0,0.0,0.0,0.0,0.0,0.0,0.0,0.0,0.0,0.0,0.0,0.0,0.0,0.0,0.0,0.0,0.0,0.0,0.0,0.0
,commonStockIssued,0.0,1420000.0,18239000.0,22598000.0,43712000.0,3870000.0,2185000.0,2167000.0,2006000.0,0.0,32362000.0,0.0,0.0,0.0,0.0,0.0,0.0,0.0,0.0,0.0,0.0,0.0,0.0,0.0,0.0,0.0,0.0,0.0,0.0,0.0,0.0,0.0
,commonStockRepurchased,-8123000.0,-38171000.0,-1541000.0,0.0,-370000.0,-287000.0,-286000.0,-95000.0,-369000.0,-185000.0,-91000.0,-957000.0,0.0,0.0,0.0,0.0,0.0,0.0,0.0,0.0,0.0,0.0,0.0,0.0,0.0,0.0,0.0,0.0,0.0,0.0,0.0,0.0
,dividendsPaid,-17421000.0,-17249000.0,-15585000.0,-13703000.0,-12078000.0,-10759000.0,-9736000.0,-6904000.0,-10602000.0,-7790000.0,-6253000.0,-5329000.0,-4575000.0,-5342000.0,-3450000.0,-3315000.0,-2945000.0,-2800000.0,-2398000.0,-2180000.0,-2002000.0,-1800000.0,-1700000.0,-1400000.0,-1200000.0,-1100000.0,-1000000.0,-900000.0,-1200000.0,-800000.0,-700000.0,-600000.0
,otherFinancingActivites,166957000.0,-90224000.0,409975000.0,359434000.0,363958000.0,469921000.0,290199000.0,297461000.0,196853000.0,279485000.0,46103000.0,413180000.0,185093000.0,105259000.0,2226000.0,20752000.0,-4233000.0,114554000.0,93569000.0,50120000.0,44687000.0,18900000.0,55100000.0,36700000.0,9900000.0,22200000.0,11300000.0,8600000.0,15000000.0,17800000.0,26500000.0,20000000.0
,netCashUsedProvidedByFinancingActivities,-72616000.0,-217724000.0,309638000.0,341279000.0,363466000.0,388161000.0,282362000.0,292629000.0,59076000.0,259510000.0,22304000.0,394179000.0,180518000.0,99917000.0,-1224000.0,17437000.0,-7178000.0,111754000.0,91171000.0,47940000.0,42685000.0,17100000.0,53400000.0,35300000.0,8700000.0,21100000.0,10300000.0,7700000.0,13800000.0,17000000.0,25800000.0,19400000.0
,,,,,,,,,,,,,,,,,,,,,,,,,,,,,,,,,,,,,,,,,,,,,,,,,,,,,,,,,,,,,,,,,,,,,,,,,,,,,,,,,,,,,,,,,,,,,,,,,,,,,
Other,,,,,,,,,,,,,,,,,,,,,,,,,,,,,,,,,,,,,,,,,,,,,,,,,,,,,,,,,,,,,,,,,,,,,,,,,,,,,,,,,,,,,,,,,,,,,,,,,,,,,
,effectOfForexChangesOnCash,0.0,0.0,0.0,0.0,0.0,0.0,0.0,0.0,0.0,0.0,0.0,0.0,0.0,0.0,0.0,0.0,0.0,0.0,0.0,0.0,0.0,0.0,0.0,0.0,0.0,0.0,0.0,0.0,0.0,0.0,0.0,0.0
,,,,,,,,,,,,,,,,,,,,,,,,,,,,,,,,,,,,,,,,,,,,,,,,,,,,,,,,,,,,,,,,,,,,,,,,,,,,,,,,,,,,,,,,,,,,,,,,,,,,,
Cash&CashFlow,,,,,,,,,,,,,,,,,,,,,,,,,,,,,,,,,,,,,,,,,,,,,,,,,,,,,,,,,,,,,,,,,,,,,,,,,,,,,,,,,,,,,,,,,,,,,,,,,,,,,
,netChangeInCash,172214000.0,-8390000.0,-22314000.0,32743000.0,-2706000.0,6691000.0,-2553000.0,-6694000.0,12696000.0,11075000.0,-14922000.0,11904000.0,-26059000.0,23707000.0,-813000.0,317000.0,-37144000.0,-5799000.0,12020000.0,-56463000.0,26498000.0,-7100000.0,0.0,0.0,0.0,0.0,-100000.0,0.0,0.0,0.0,0.0,0.0
,cashAtEndOfPeriod,211182000.0,38968000.0,47358000.0,69672000.0,36929000.0,39635000.0,32944000.0,35497000.0,42191000.0,29495000.0,18420000.0,33342000.0,21438000.0,47497000.0,23790000.0,24603000.0,24286000.0,61430000.0,67229000.0,55209000.0,111672000.0,85200000.0,0.0,0.0,0.0,0.0,0.0,0.0,0.0,0.0,0.0,0.0
,cashAtBeginningOfPeriod,38968000.0,47358000.0,69672000.0,36929000.0,39635000.0,32944000.0,35497000.0,42191000.0,29495000.0,18420000.0,33342000.0,21438000.0,47497000.0,23790000.0,24603000.0,24286000.0,61430000.0,67229000.0,55209000.0,111672000.0,85174000.0,92300000.0,73800000.0,57900000.0,54300000.0,32000000.0,20600000.0,21300000.0,34000000.0,63100000.0,59400000.0,34900000.0
,operatingCashFlow,46035000.0,49987000.0,59374000.0,47172000.0,35589000.0,35336000.0,35584000.0,39686000.0,35021000.0,29561000.0,26611000.0,10873000.0,14419000.0,13343000.0,12477000.0,15164000.0,16746000.0,16366000.0,16728000.0,11049000.0,10962000.0,10500000.0,8600000.0,7200000.0,5600000.0,6200000.0,5500000.0,6600000.0,7600000.0,6100000.0,6400000.0,6500000.0
,capitalExpenditure,-3008000.0,-2875000.0,6793000.0,-8891000.0,-7250000.0,-5489000.0,3265000.0,427000.0,-5570000.0,-3634000.0,-5370000.0,-7651000.0,-3502000.0,-3763000.0,-2475000.0,-2304000.0,-1034000.0,-1683000.0,-480000.0,-1301000.0,-1193000.0,-1200000.0,-1900000.0,-500000.0,-500000.0,-700000.0,-300000.0,-500000.0,-1000000.0,-500000.0,-500000.0,-1300000.0
,freeCashFlow,43027000.0,47112000.0,53687000.0,38281000.0,28339000.0,29847000.0,29338000.0,36670000.0,29451000.0,25927000.0,21241000.0,3222000.0,10917000.0,9580000.0,10002000.0,12860000.0,15712000.0,14683000.0,16248000.0,9748000.0,9769000.0,9300000.0,6700000.0,6700000.0,5100000.0,5500000.0,5200000.0,6100000.0,6600000.0,5600000.0,5900000.0,5200000.0
