date,,2020-12-26_FY,2019-12-28_FY,2018-12-29_FY,2017-12-30_FY,2016-12-31_FY,2015-12-26_FY,2014-12-27_FY,2013-12-28_FY,2012-12-29_FY,2011-12-31_FY,2010-12-25_FY,2009-12-26_FY,2008-12-27_FY,2007-12-29_FY,2006-12-30_FY,2005-12-31_FY,2004-12-25_FY,2003-12-27_FY,2002-12-31_FY
,,,,,,,,,,,,,,,,,,,,,,,,,,,,,,,,,,,,,,,,,,,,,,,,,,,,,,,,,,,,,,,,,,,,,,,,,,,,,,,,,,,,,,,,,,,,,,,,,,,,,
CashProvidedByOperatingActivites,,,,,,,,,,,,,,,,,,,,,,,,,,,,,,,,,,,,,,,,,,,,,,,,,,,,,,,,,,,,,,,,,,,,,,,,,,,,,,,,,,,,,,,,,,,,,,,,,,,,,
,netIncome,78523000.0,39346000.0,104036000.0,40913000.0,-6557000.0,-1523000.0,-19200000.0,-57700000.0,-35500000.0,-65981000.0,-188300000.0,-155700000.0,-80600000.0,72900000.0,57200000.0,30182000.0,25200000.0,7500000.0,10359000.0
,depreciationAndAmortization,20694000.0,44857000.0,43687000.0,44566000.0,46798000.0,23771000.0,30500000.0,28900000.0,16900000.0,10838000.0,28200000.0,32700000.0,32200000.0,26800000.0,22100000.0,16513000.0,7000000.0,5100000.0,5392000.0
,deferredIncomeTax,-562000.0,4954000.0,-74908000.0,-590000.0,-45022000.0,-14000.0,200000.0,400000.0,-24500000.0,-1988000.0,-2100000.0,39100000.0,-15300000.0,-9200000.0,-5600000.0,-7702000.0,-4100000.0,1500000.0,-3639000.0
,stockBasedCompensation,23830000.0,23176000.0,17827000.0,16339000.0,10722000.0,11575000.0,13279000.0,12124000.0,13049000.0,13849000.0,17613000.0,20776000.0,22868000.0,25920000.0,21238000.0,0.0,2659000.0,1484000.0,0.0
,changeInWorkingCapital,50020000.0,47181000.0,21609000.0,41691000.0,-42435000.0,18037000.0,22500000.0,-20300000.0,-114180000.0,-62420000.0,-111800000.0,-94200000.0,-45300000.0,104900000.0,285090000.0,27010000.0,14200000.0,150300000.0,879000.0
,accountsReceivables,-3545000.0,481000.0,-13830000.0,99000.0,-6847000.0,-18000.0,-1000.0,19000.0,52000.0,16803000.0,-1071000.0,5040000.0,4147000.0,-14911000.0,-10596000.0,0.0,-5294000.0,-160000.0,0.0
,inventory,13117000.0,-14295000.0,-21298000.0,-15635000.0,-11733000.0,-8167000.0,-11975000.0,-7980000.0,-926000.0,-1152000.0,11389000.0,7032000.0,16268000.0,12695000.0,12439000.0,-18030000.0,4462000.0,1959000.0,-683000.0
,accountsPayables,16788000.0,-27000.0,3050000.0,741000.0,3433000.0,-2036000.0,4155000.0,-2324000.0,-5903000.0,-5065000.0,-13006000.0,-322000.0,-1596000.0,5008000.0,7649000.0,0.0,804000.0,3842000.0,0.0
,otherWorkingCapital,332503000.0,282483000.0,235302000.0,213693000.0,172002000.0,214437000.0,196400000.0,173900000.0,194200000.0,308380000.0,370800000.0,482600000.0,576800000.0,622100000.0,517200000.0,232110000.0,205100000.0,190900000.0,0.0
,otherNonCashItems,0.0,40130000.0,29136000.0,25508000.0,11262000.0,17300000.0,24900000.0,27800000.0,19400000.0,-59666000.0,90400000.0,33700000.0,49000000.0,31000000.0,27100000.0,0.0,15600000.0,6500000.0,0.0
,netCashProvidedByOperatingActivites,169256000.0,121048000.0,68700000.0,86323000.0,17423000.0,36122000.0,17700000.0,-5800000.0,-26200000.0,-29343000.0,-73100000.0,-52700000.0,-24400000.0,84800000.0,105400000.0,37749000.0,35700000.0,15000000.0,12853000.0
,,,,,,,,,,,,,,,,,,,,,,,,,,,,,,,,,,,,,,,,,,,,,,,,,,,,,,,,,,,,,,,,,,,,,,,,,,,,,,,,,,,,,,,,,,,,,,,,,,,,,
CashProvidedByInvestingActivites,,,,,,,,,,,,,,,,,,,,,,,,,,,,,,,,,,,,,,,,,,,,,,,,,,,,,,,,,,,,,,,,,,,,,,,,,,,,,,,,,,,,,,,,,,,,,,,,,,,,,
,investmentsInPropertyPlantAndEquipment,-55865000.0,-20847000.0,-19869000.0,-17756000.0,-11521000.0,-8640000.0,-5670000.0,-8530000.0,-7952000.0,-7700000.0,-30914000.0,-18972000.0,-30245000.0,-48656000.0,-38136000.0,-28318000.0,-37727000.0,-9080000.0,-4177000.0
,acquisitionsNet,-51880000.0,-20524000.0,0.0,0.0,-228000000.0,0.0,0.0,0.0,-96652000.0,0.0,0.0,0.0,0.0,0.0,0.0,0.0,0.0,0.0,0.0
,purchasesOfInvestments,-51224000.0,-76327000.0,-30566000.0,-18970000.0,-10587000.0,-8210000.0,-31693000.0,-91338000.0,-82437000.0,-246665000.0,-341292000.0,-587797000.0,-273928000.0,-225964000.0,-278612000.0,-223928000.0,-138693000.0,-153641000.0,-23136000.0
,salesMaturitiesOfInvestments,0.0,51214000.0,29023000.0,8996000.0,44500000.0,74750000.0,73473000.0,90385000.0,135340000.0,314681000.0,0.0,0.0,0.0,179535000.0,249416000.0,198687000.0,147966000.0,0.0,22590000.0
,otherInvestingActivites,0.0,132000.0,117000.0,-31943000.0,-779000.0,-56771000.0,-30464000.0,-18856000.0,-71437000.0,363000.0,0.0,0.0,0.0,0.0,0.0,-400000.0,0.0,0.0,-2772000.0
,netCashUsedForInvestingActivites,-98922000.0,-66352000.0,-21295000.0,-59425000.0,-206318000.0,1129000.0,37300000.0,-7800000.0,-40700000.0,60712000.0,69800000.0,-174400000.0,40700000.0,-95100000.0,-67300000.0,-53959000.0,-28200000.0,-158600000.0,-7495000.0
,,,,,,,,,,,,,,,,,,,,,,,,,,,,,,,,,,,,,,,,,,,,,,,,,,,,,,,,,,,,,,,,,,,,,,,,,,,,,,,,,,,,,,,,,,,,,,,,,,,,,
CashProvidedByFinancingingActivites,,,,,,,,,,,,,,,,,,,,,,,,,,,,,,,,,,,,,,,,,,,,,,,,,,,,,,,,,,,,,,,,,,,,,,,,,,,,,,,,,,,,,,,,,,,,,,,,,,,,,
,debtRepayment,0.0,-30000000.0,-41250000.0,-33125000.0,-10625000.0,27000.0,-271000.0,-603000.0,-112000.0,0.0,0.0,-25787000.0,-1230000.0,41237000.0,17630000.0,0.0,10271000.0,2573000.0,0.0
,commonStockIssued,10010000.0,8093000.0,7712000.0,19510000.0,5745000.0,3418000.0,2813000.0,2602000.0,2251000.0,3509000.0,3724000.0,7129000.0,5679000.0,33563000.0,202399000.0,12391000.0,13833000.0,139490000.0,1070000.0
,commonStockRepurchased,0.0,8093000.0,7712000.0,540000.0,0.0,-4792000.0,2800000.0,2600000.0,2300000.0,-16411000.0,3100000.0,7100000.0,5700000.0,33600000.0,202400000.0,0.0,13800000.0,139300000.0,-6000.0
,dividendsPaid,0.0,0.0,0.0,0.0,0.0,0.0,0.0,0.0,0.0,0.0,0.0,0.0,0.0,0.0,0.0,0.0,0.0,0.0,0.0
,otherFinancingActivites,0.0,23422000.0,1921000.0,12625000.0,-1506000.0,3418000.0,116753000.0,1999000.0,2139000.0,0.0,0.0,0.0,0.0,0.0,0.0,0.0,0.0,0.0,26000.0
,netCashUsedProvidedByFinancingActivities,-30935000.0,-6578000.0,-39329000.0,-39470000.0,143614000.0,-4792000.0,2500000.0,2000000.0,2100000.0,-12902000.0,3100000.0,11500000.0,6000000.0,41500000.0,214900000.0,12391000.0,14500000.0,140600000.0,863000.0
,,,,,,,,,,,,,,,,,,,,,,,,,,,,,,,,,,,,,,,,,,,,,,,,,,,,,,,,,,,,,,,,,,,,,,,,,,,,,,,,,,,,,,,,,,,,,,,,,,,,,
Other,,,,,,,,,,,,,,,,,,,,,,,,,,,,,,,,,,,,,,,,,,,,,,,,,,,,,,,,,,,,,,,,,,,,,,,,,,,,,,,,,,,,,,,,,,,,,,,,,,,,,
,effectOfForexChangesOnCash,0.0,-727000.0,-256000.0,2702000.0,425000.0,-135000.0,-2800000.0,-1500000.0,-2000000.0,-625000.0,-700000.0,-300000.0,400000.0,-100000.0,0.0,200000.0,0.0,0.0,0.0
,,,,,,,,,,,,,,,,,,,,,,,,,,,,,,,,,,,,,,,,,,,,,,,,,,,,,,,,,,,,,,,,,,,,,,,,,,,,,,,,,,,,,,,,,,,,,,,,,,,,,
Cash&CashFlow,,,,,,,,,,,,,,,,,,,,,,,,,,,,,,,,,,,,,,,,,,,,,,,,,,,,,,,,,,,,,,,,,,,,,,,,,,,,,,,,,,,,,,,,,,,,,,,,,,,,,
,netChangeInCash,43161000.0,47391000.0,7820000.0,-9870000.0,-44856000.0,32324000.0,54700000.0,-13000000.0,-66800000.0,17842000.0,-800000.0,-215900000.0,22700000.0,31100000.0,252900000.0,-3619000.0,22000000.0,-3000000.0,6221000.0
,cashAtEndOfPeriod,191098000.0,145863000.0,99004000.0,91538000.0,101408000.0,146224000.0,113900000.0,59200000.0,72200000.0,139049000.0,121200000.0,122000000.0,337900000.0,315200000.0,284100000.0,31217000.0,34900000.0,23800000.0,26786000.0
,cashAtBeginningOfPeriod,147937000.0,98472000.0,91184000.0,101408000.0,146264000.0,113900000.0,59200000.0,72200000.0,139000000.0,121207000.0,122000000.0,337900000.0,315200000.0,284100000.0,31200000.0,34836000.0,12900000.0,26800000.0,20565000.0
,operatingCashFlow,169256000.0,121048000.0,68700000.0,86323000.0,17423000.0,36122000.0,17700000.0,-5800000.0,-26200000.0,-29343000.0,-73100000.0,-52700000.0,-24400000.0,84800000.0,105400000.0,37749000.0,35700000.0,15000000.0,12853000.0
,capitalExpenditure,-55865000.0,-20847000.0,-19869000.0,-17756000.0,-11521000.0,-8640000.0,-5670000.0,-8530000.0,-7952000.0,-7700000.0,-30914000.0,-18972000.0,-30245000.0,-48656000.0,-38136000.0,-28318000.0,-37727000.0,-9080000.0,-4177000.0
,freeCashFlow,113391000.0,100201000.0,48831000.0,68567000.0,5902000.0,27482000.0,12000000.0,-14300000.0,-34200000.0,-37043000.0,-104000000.0,-71900000.0,-54600000.0,36100000.0,67300000.0,9431000.0,-2000000.0,3800000.0,8676000.0
