date,,2020-10-03_FY,2019-09-28_FY,2018-09-29_FY,2017-09-30_FY,2016-10-01_FY,2015-10-03_FY,2014-09-27_FY,2013-09-28_FY,2012-09-29_FY,2011-10-01_FY,2010-10-02_FY,2009-10-03_FY,2008-09-27_FY,2007-09-29_FY,2006-09-30_FY,2005-10-01_FY,2004-10-02_FY,2003-09-27_FY,2002-09-28_FY,2001-09-29_FY,2000-09-30_FY,1999-10-02_FY,1998-10-03_FY,1997-09-30_FY,1996-09-30_FY,1995-09-30_FY,1994-09-30_FY,1993-09-30_FY,1992-09-30_FY,1991-09-30_FY,1989-09-30_FY
,,,,,,,,,,,,,,,,,,,,,,,,,,,,,,,,,,,,,,,,,,,,,,,,,,,,,,,,,,,,,,,,,,,,,,,,,,,,,,,,,,,,,,,,,,,,,,,,,,,,,
CashProvidedByOperatingActivites,,,,,,,,,,,,,,,,,,,,,,,,,,,,,,,,,,,,,,,,,,,,,,,,,,,,,,,,,,,,,,,,,,,,,,,,,,,,,,,,,,,,,,,,,,,,,,,,,,,,,
,netIncome,19009000.0,5598000.0,36266000.0,22548000.0,37245000.0,21710000.0,16600000.0,11700000.0,1800000.0,-400000.0,500000.0,-22100000.0,43800000.0,24200000.0,33040000.0,25000000.0,31500000.0,6700000.0,-25700000.0,-23800000.0,2121000.0,10000000.0,-100000.0,-341000.0,4243000.0,6336000.0,5100000.0,6300000.0,4300000.0,1700000.0,6700000.0
,depreciationAndAmortization,14255000.0,13553000.0,12818000.0,11649000.0,11544000.0,11934000.0,10270000.0,9830000.0,9760000.0,9570000.0,7010000.0,7380000.0,7270000.0,5710000.0,5107000.0,4140000.0,4260000.0,5550000.0,6630000.0,13000000.0,11203000.0,8910000.0,8740000.0,8224000.0,8061000.0,7797000.0,-7100000.0,-6100000.0,-6800000.0,-6700000.0,-3300000.0
,deferredIncomeTax,-424000.0,1798000.0,-2807000.0,2503000.0,536000.0,333000.0,40000.0,3880000.0,840000.0,210000.0,-1120000.0,1000000.0,480000.0,2000000.0,-1627000.0,2000000.0,7120000.0,-6830000.0,-20000.0,-11380000.0,1139000.0,0.0,0.0,0.0,0.0,0.0,600000.0,-400000.0,-500000.0,-200000.0,400000.0
,stockBasedCompensation,2028000.0,2057000.0,2078000.0,2245000.0,2439000.0,2298000.0,2661000.0,2161000.0,2208000.0,2917000.0,2258000.0,2036000.0,1759000.0,1258000.0,0.0,805000.0,0.0,0.0,0.0,0.0,0.0,0.0,0.0,0.0,0.0,0.0,0.0,0.0,0.0,0.0,0.0
,changeInWorkingCapital,22504000.0,8682000.0,5616000.0,-8831000.0,21172000.0,26132000.0,-4400000.0,4700000.0,3400000.0,-16300000.0,9700000.0,-15200000.0,26800000.0,13762000.0,5338000.0,-9700000.0,19900000.0,9000000.0,-10000000.0,4064000.0,2636000.0,9400000.0,-10387000.0,3039000.0,7618000.0,830000.0,-5200000.0,3200000.0,-1300000.0,1600000.0,3700000.0
,accountsReceivables,-5806000.0,7302000.0,-11200000.0,7105000.0,-607000.0,4266000.0,-2084000.0,1028000.0,-167000.0,-17001000.0,-3687000.0,28298000.0,-15063000.0,3001000.0,0.0,1665000.0,-13578000.0,-1011000.0,5647000.0,1900000.0,0.0,-2400000.0,2300000.0,0.0,0.0,0.0,-4900000.0,0.0,-800000.0,4700000.0,1900000.0
,inventory,5060000.0,23306000.0,-12304000.0,-10667000.0,-5177000.0,15890000.0,-16814000.0,6981000.0,10600000.0,-11870000.0,2333000.0,25941000.0,-23819000.0,-604000.0,-15228000.0,7244000.0,-10145000.0,2394000.0,-1165000.0,13900000.0,8371000.0,-5800000.0,13900000.0,-12758000.0,8721000.0,-11816000.0,-5000000.0,2800000.0,-4800000.0,6900000.0,2100000.0
,accountsPayables,0.0,-42592000.0,28234000.0,0.0,9009000.0,-17861000.0,21333000.0,1645000.0,-9562000.0,12439000.0,-2489000.0,-14761000.0,18699000.0,-17019000.0,0.0,531000.0,737000.0,-6748000.0,-8478000.0,14400000.0,0.0,3800000.0,2800000.0,0.0,0.0,0.0,-200000.0,3200000.0,2600000.0,-2100000.0,1200000.0
,otherWorkingCapital,3091000.0,132171000.0,123489000.0,117873000.0,126704000.0,105532000.0,79400000.0,83800000.0,79100000.0,75700000.0,92000000.0,82300000.0,97500000.0,70700000.0,56938000.0,51600000.0,61300000.0,41400000.0,32400000.0,42400000.0,38336000.0,35700000.0,26300000.0,36687000.0,33648000.0,26030000.0,25200000.0,30400000.0,27200000.0,28500000.0,26900000.0
,otherNonCashItems,-377000.0,247000.0,1971000.0,-747000.0,2105000.0,70000.0,50000.0,1350000.0,570000.0,4840000.0,4580000.0,29720000.0,1760000.0,1630000.0,4043000.0,4440000.0,6900000.0,1610000.0,29360000.0,28230000.0,774000.0,-80000.0,-3800000.0,4000.0,1248000.0,-1888000.0,13700000.0,12400000.0,13600000.0,13200000.0,6400000.0
,netCashProvidedByOperatingActivites,56224000.0,6608000.0,53969000.0,20303000.0,56253000.0,35774000.0,29230000.0,36830000.0,13140000.0,-2910000.0,12880000.0,22120000.0,36750000.0,16920000.0,44835000.0,44460000.0,28120000.0,5290000.0,9450000.0,-1460000.0,24515000.0,13710000.0,14880000.0,7277000.0,18309000.0,4643000.0,1600000.0,17300000.0,6700000.0,16300000.0,13900000.0
,,,,,,,,,,,,,,,,,,,,,,,,,,,,,,,,,,,,,,,,,,,,,,,,,,,,,,,,,,,,,,,,,,,,,,,,,,,,,,,,,,,,,,,,,,,,,,,,,,,,,
CashProvidedByInvestingActivites,,,,,,,,,,,,,,,,,,,,,,,,,,,,,,,,,,,,,,,,,,,,,,,,,,,,,,,,,,,,,,,,,,,,,,,,,,,,,,,,,,,,,,,,,,,,,,,,,,,,,
,investmentsInPropertyPlantAndEquipment,0.0,-10512000.0,-18449000.0,-20575000.0,-12977000.0,-7153000.0,-8955000.0,-5030000.0,-8066000.0,518000.0,11000.0,13000.0,116000.0,937000.0,-18959000.0,27000.0,24000.0,184000.0,1777000.0,-2260000.0,-9230000.0,-7340000.0,-6710000.0,-27076000.0,-13193000.0,-5554000.0,-10700000.0,-19600000.0,-9800000.0,-3400000.0,-4500000.0
,acquisitionsNet,0.0,0.0,-3000000.0,0.0,0.0,-1000000.0,-34000000.0,-2000000.0,0.0,-37000000.0,2000000.0,0.0,0.0,0.0,6000000.0,2000000.0,0.0,0.0,0.0,0.0,0.0,0.0,0.0,0.0,0.0,0.0,0.0,0.0,0.0,0.0,0.0
,purchasesOfInvestments,0.0,0.0,0.0,0.0,0.0,0.0,0.0,0.0,0.0,0.0,0.0,0.0,0.0,0.0,0.0,0.0,0.0,0.0,0.0,0.0,0.0,0.0,0.0,0.0,0.0,-116000.0,0.0,0.0,0.0,0.0,0.0
,salesMaturitiesOfInvestments,0.0,0.0,0.0,0.0,0.0,0.0,0.0,0.0,0.0,0.0,0.0,0.0,0.0,0.0,0.0,0.0,0.0,0.0,0.0,0.0,0.0,0.0,0.0,638000.0,0.0,0.0,0.0,100000.0,0.0,0.0,0.0
,otherInvestingActivites,2256000.0,956000.0,-3490000.0,-305000.0,5000.0,4114000.0,-31420000.0,-1264000.0,-115000.0,0.0,0.0,0.0,0.0,0.0,-565000.0,0.0,0.0,0.0,0.0,0.0,-66421000.0,0.0,0.0,0.0,-212000.0,226000.0,-1400000.0,-800000.0,1600000.0,-200000.0,-4200000.0
,netCashUsedForInvestingActivites,-23174000.0,-9556000.0,-21939000.0,-20880000.0,-12972000.0,-3039000.0,-40380000.0,-6290000.0,-8190000.0,-41390000.0,420000.0,-2170000.0,-8250000.0,-17060000.0,-7546000.0,-3920000.0,-2920000.0,-880000.0,18170000.0,5980000.0,-74088000.0,-21840000.0,2370000.0,-26438000.0,-13405000.0,-5428000.0,-11100000.0,-20000000.0,-7600000.0,-3600000.0,-8500000.0
,,,,,,,,,,,,,,,,,,,,,,,,,,,,,,,,,,,,,,,,,,,,,,,,,,,,,,,,,,,,,,,,,,,,,,,,,,,,,,,,,,,,,,,,,,,,,,,,,,,,,
CashProvidedByFinancingingActivites,,,,,,,,,,,,,,,,,,,,,,,,,,,,,,,,,,,,,,,,,,,,,,,,,,,,,,,,,,,,,,,,,,,,,,,,,,,,,,,,,,,,,,,,,,,,,,,,,,,,,
,debtRepayment,-322000.0,-44333000.0,-372000.0,-404000.0,-328000.0,-60978000.0,-19215000.0,-16077000.0,-93406000.0,-52150000.0,-338000.0,-22920000.0,-951000.0,-16999000.0,0.0,-370630000.0,-152816000.0,-13747000.0,-32065000.0,0.0,-143471000.0,0.0,0.0,-95525000.0,-74130000.0,-3907000.0,0.0,0.0,0.0,0.0,0.0
,commonStockIssued,0.0,0.0,0.0,0.0,0.0,0.0,0.0,0.0,0.0,0.0,0.0,0.0,0.0,0.0,360000.0,0.0,0.0,0.0,0.0,0.0,19000.0,0.0,0.0,10000.0,243000.0,423000.0,0.0,0.0,0.0,0.0,0.0
,commonStockRepurchased,0.0,0.0,2081000.0,0.0,5065000.0,200000.0,1130000.0,3430000.0,0.0,20000.0,140000.0,70000.0,-8570000.0,160000.0,-8529000.0,180000.0,420000.0,0.0,0.0,0.0,0.0,110000.0,40000.0,0.0,0.0,0.0,0.0,0.0,0.0,0.0,0.0
,dividendsPaid,-2313000.0,-2310000.0,-21333000.0,-26011000.0,-20859000.0,-2211000.0,-2190000.0,-6600000.0,-2120000.0,-2110000.0,-2110000.0,-11380000.0,-2140000.0,-2180000.0,-2222000.0,-570000.0,0.0,0.0,0.0,0.0,-2030000.0,-2030000.0,-2030000.0,-2024000.0,-2021000.0,-2008000.0,-2000000.0,-1900000.0,-1300000.0,-1200000.0,-900000.0
,otherFinancingActivites,-230000.0,82012000.0,45452000.0,-287000.0,64111000.0,93920000.0,24458000.0,23012000.0,90584000.0,0.0,0.0,0.0,0.0,0.0,243000.0,0.0,0.0,0.0,0.0,0.0,0.0,0.0,0.0,0.0,0.0,0.0,3500000.0,13500000.0,-1300000.0,-7700000.0,4600000.0
,netCashUsedProvidedByFinancingActivities,-2543000.0,-2812000.0,-20194000.0,-26191000.0,-17666000.0,-2527000.0,-1250000.0,-15100000.0,-4950000.0,-1630000.0,-2470000.0,-11350000.0,-10710000.0,-1840000.0,-22008000.0,-41490000.0,-23190000.0,-4410000.0,-28270000.0,-6540000.0,51976000.0,8540000.0,-17910000.0,17717000.0,-3744000.0,-186000.0,1500000.0,11600000.0,-2600000.0,-8900000.0,3700000.0
,,,,,,,,,,,,,,,,,,,,,,,,,,,,,,,,,,,,,,,,,,,,,,,,,,,,,,,,,,,,,,,,,,,,,,,,,,,,,,,,,,,,,,,,,,,,,,,,,,,,,
Other,,,,,,,,,,,,,,,,,,,,,,,,,,,,,,,,,,,,,,,,,,,,,,,,,,,,,,,,,,,,,,,,,,,,,,,,,,,,,,,,,,,,,,,,,,,,,,,,,,,,,
,effectOfForexChangesOnCash,0.0,0.0,0.0,0.0,0.0,0.0,0.0,0.0,0.0,0.0,0.0,0.0,0.0,0.0,0.0,0.0,0.0,0.0,0.0,0.0,0.0,0.0,0.0,0.0,0.0,0.0,0.0,0.0,0.0,0.0,0.0
,,,,,,,,,,,,,,,,,,,,,,,,,,,,,,,,,,,,,,,,,,,,,,,,,,,,,,,,,,,,,,,,,,,,,,,,,,,,,,,,,,,,,,,,,,,,,,,,,,,,,
Cash&CashFlow,,,,,,,,,,,,,,,,,,,,,,,,,,,,,,,,,,,,,,,,,,,,,,,,,,,,,,,,,,,,,,,,,,,,,,,,,,,,,,,,,,,,,,,,,,,,,,,,,,,,,
,netChangeInCash,30507000.0,-5760000.0,11836000.0,-26768000.0,25615000.0,30208000.0,-12390000.0,15430000.0,0.0,-45930000.0,10830000.0,8610000.0,17790000.0,-1990000.0,9318000.0,-950000.0,2010000.0,0.0,-650000.0,-2020000.0,2403000.0,410000.0,-660000.0,-344000.0,1160000.0,-971000.0,0.0,0.0,0.0,0.0,0.0
,cashAtEndOfPeriod,68688000.0,38181000.0,43941000.0,32105000.0,58873000.0,33308000.0,3010000.0,15430000.0,0.0,-30000.0,45930000.0,35110000.0,26490000.0,8710000.0,10689000.0,1350000.0,2310000.0,300000.0,350000.0,1180000.0,3230000.0,810000.0,440000.0,1079000.0,1423000.0,263000.0,0.0,0.0,0.0,0.0,0.0
,cashAtBeginningOfPeriod,38181000.0,43941000.0,32105000.0,58873000.0,33258000.0,3100000.0,15400000.0,0.0,0.0,45900000.0,35100000.0,26500000.0,8700000.0,10700000.0,1371000.0,2300000.0,300000.0,300000.0,1000000.0,3200000.0,827000.0,400000.0,1100000.0,1423000.0,263000.0,1234000.0,9300000.0,400000.0,3800000.0,0.0,1000000.0
,operatingCashFlow,56224000.0,6608000.0,53969000.0,20303000.0,56253000.0,35774000.0,29230000.0,36830000.0,13140000.0,-2910000.0,12880000.0,22120000.0,36750000.0,16920000.0,44835000.0,44460000.0,28120000.0,5290000.0,9450000.0,-1460000.0,24515000.0,13710000.0,14880000.0,7277000.0,18309000.0,4643000.0,1600000.0,17300000.0,6700000.0,16300000.0,13900000.0
,capitalExpenditure,-7114000.0,-10512000.0,-18449000.0,-20575000.0,-12977000.0,-7153000.0,-8955000.0,-5030000.0,-8066000.0,518000.0,11000.0,13000.0,116000.0,937000.0,-18959000.0,27000.0,24000.0,184000.0,1777000.0,-2260000.0,-9230000.0,-7340000.0,-6710000.0,-27076000.0,-13193000.0,-5554000.0,-10700000.0,-19600000.0,-9800000.0,-3400000.0,-4500000.0
,freeCashFlow,49110000.0,-3904000.0,35520000.0,-272000.0,43276000.0,27161000.0,20270000.0,29910000.0,5070000.0,-10850000.0,11390000.0,19740000.0,27290000.0,-90000.0,25876000.0,38160000.0,25200000.0,4330000.0,8920000.0,-3720000.0,15285000.0,6370000.0,8170000.0,-19799000.0,5116000.0,-911000.0,-9100000.0,-2300000.0,-3100000.0,12900000.0,9400000.0
