date,,2020-12-31_FY,2019-12-31_FY,2018-12-31_FY,2017-12-31_FY,2016-12-31_FY,2015-12-31_FY,2014-12-31_FY,2013-12-31_FY,2012-12-31_FY,2011-12-31_FY,2010-12-31_FY,2009-12-31_FY,2008-12-31_FY,2007-12-31_FY,2006-12-31_FY,2005-12-31_FY,2004-12-31_FY,2003-12-31_FY,2002-12-31_FY,2001-12-31_FY,2000-12-31_FY,1999-12-31_FY,1998-12-31_FY,1997-12-31_FY,1996-12-31_FY,1995-12-31_FY,1994-12-31_FY
,,,,,,,,,,,,,,,,,,,,,,,,,,,,,,,,,,,,,,,,,,,,,,,,,,,,,,,,,,,,,,,,,,,,,,,,,,,,,,,,,,,,,,,,,,,,,,,,,,,,,
CashProvidedByOperatingActivites,,,,,,,,,,,,,,,,,,,,,,,,,,,,,,,,,,,,,,,,,,,,,,,,,,,,,,,,,,,,,,,,,,,,,,,,,,,,,,,,,,,,,,,,,,,,,,,,,,,,,
,netIncome,2109000000.0,2521000000.0,2563000000.0,1687000000.0,2035000000.0,1899000000.0,2946000000.0,1679000000.0,2870000000.0,2071384000.0,1527193000.0,947009000.0,1519003000.0,1869862000.0,1717746000.0,1494869000.0,1338694000.0,1023680000.0,712592000.0,805659000.0,957980000.0,841100000.0,672800000.0,587000000.0,486300000.0,387600000.0,277800000.0
,depreciationAndAmortization,427000000.0,426000000.0,461000000.0,462000000.0,470000000.0,477000000.0,507000000.0,613000000.0,613000000.0,594009000.0,548278000.0,674925000.0,691907000.0,524744000.0,443906000.0,383074000.0,385797000.0,306553000.0,305752000.0,386308000.0,413370000.0,343300000.0,211800000.0,185400000.0,178200000.0,151900000.0,132100000.0
,deferredIncomeTax,-30000000.0,32000000.0,34000000.0,64000000.0,-263000000.0,-11000000.0,55000000.0,6000000.0,243000000.0,-175923000.0,-150369000.0,-477582000.0,-95857000.0,-5522000.0,167003000.0,69745000.0,143214000.0,203958000.0,-60471000.0,38612000.0,-21106000.0,105300000.0,59900000.0,-7800000.0,-12600000.0,-23900000.0,-31700000.0
,stockBasedCompensation,42000000.0,41000000.0,40000000.0,36000000.0,39000000.0,41000000.0,39000000.0,37000000.0,54000000.0,56374000.0,56443000.0,51858000.0,0.0,0.0,0.0,0.0,0.0,0.0,0.0,0.0,0.0,0.0,0.0,0.0,0.0,0.0,0.0
,changeInWorkingCapital,250000000.0,1863000000.0,-1989000000.0,862000000.0,-989000000.0,-191000000.0,761000000.0,-1527000000.0,1436381000.0,997810000.0,35852000.0,1790820000.0,-2157233000.0,635549000.0,458947000.0,-360353000.0,-823072000.0,982652000.0,666561000.0,133635000.0,283951000.0,615000000.0,-88200000.0,218900000.0,-199800000.0,47100000.0,-7600000.0
,accountsReceivables,95000000.0,40000000.0,-60000000.0,-138000000.0,-132000000.0,-42000000.0,-70000000.0,-83000000.0,-13000000.0,-302952000.0,-238213000.0,336873000.0,0.0,0.0,0.0,0.0,0.0,0.0,0.0,0.0,0.0,0.0,0.0,0.0,0.0,0.0,0.0
,inventory,43000000.0,98000000.0,-108000000.0,-81000000.0,9000000.0,25000000.0,-10000000.0,24000000.0,82000000.0,-50577000.0,-177761000.0,572679000.0,-104789000.0,-4543000.0,-60204000.0,104419000.0,-177052000.0,108180000.0,71844000.0,158502000.0,3945000.0,7400000.0,18500000.0,6200000.0,58900000.0,-22800000.0,-8100000.0
,accountsPayables,19000000.0,-16000000.0,-46000000.0,39000000.0,-3000000.0,-30000000.0,-20000000.0,8000000.0,-21000000.0,-54977000.0,69450000.0,-84526000.0,0.0,0.0,0.0,0.0,0.0,0.0,0.0,0.0,0.0,0.0,0.0,0.0,0.0,0.0,0.0
,otherWorkingCapital,1000000.0,4099000000.0,2236000000.0,4225000000.0,3363000000.0,4352000000.0,4543000000.0,3782000000.0,5309000000.0,3872619000.0,2874809000.0,2838957000.0,1048137000.0,3205370000.0,2569821000.0,2110874000.0,2471227000.0,3294299000.0,2311647000.0,1645086000.0,1511451000.0,1227500000.0,612500000.0,700700000.0,481800000.0,681600000.0,634500000.0
,otherNonCashItems,8000000.0,9000000.0,10000000.0,10000000.0,5000000.0,12000000.0,10000000.0,-13000000.0,23000000.0,2065618000.0,3518000.0,14643000.0,59762000.0,33328000.0,44018000.0,-1875000.0,9935000.0,35780000.0,44000.0,14000.0,-161000.0,-800000.0,4800000.0,-500000.0,-1700000.0,14100000.0,16900000.0
,netCashProvidedByOperatingActivites,2807000000.0,2995000000.0,2811000000.0,2402000000.0,2302000000.0,2299000000.0,1616000000.0,2528000000.0,2072000000.0,1956008000.0,1560790000.0,2146589000.0,2222884000.0,2484297000.0,2066028000.0,1846536000.0,1532031000.0,1368741000.0,1288756000.0,1351026000.0,1122410000.0,1036600000.0,721500000.0,660300000.0,629400000.0,437500000.0,387500000.0
,,,,,,,,,,,,,,,,,,,,,,,,,,,,,,,,,,,,,,,,,,,,,,,,,,,,,,,,,,,,,,,,,,,,,,,,,,,,,,,,,,,,,,,,,,,,,,,,,,,,,
CashProvidedByInvestingActivites,,,,,,,,,,,,,,,,,,,,,,,,,,,,,,,,,,,,,,,,,,,,,,,,,,,,,,,,,,,,,,,,,,,,,,,,,,,,,,,,,,,,,,,,,,,,,,,,,,,,,
,investmentsInPropertyPlantAndEquipment,-236000000.0,-326000000.0,-364000000.0,-297000000.0,-273000000.0,-284000000.0,-361000000.0,-368000000.0,-382000000.0,-353408000.0,-286172000.0,-247102000.0,-355472000.0,-353355000.0,-301006000.0,-293102000.0,-282560000.0,-258312000.0,-271424000.0,-256562000.0,-313913000.0,-1141500000.0,-959900000.0,-178700000.0,-168700000.0,-150200000.0,-131100000.0
,acquisitionsNet,0.0,-4000000.0,0.0,-3000000.0,-453000000.0,-6000000.0,3146000000.0,-163000000.0,92000000.0,-1308000000.0,-497000000.0,-281000000.0,-1547000000.0,-813000000.0,-1379000000.0,-627000000.0,0.0,0.0,0.0,0.0,0.0,0.0,0.0,0.0,0.0,0.0,0.0
,purchasesOfInvestments,0.0,0.0,0.0,0.0,0.0,0.0,0.0,0.0,-1000000.0,-5641000.0,-16047000.0,-17586000.0,-19583000.0,-28734000.0,-25347000.0,-120240000.0,-64442000.0,-133236000.0,-194741000.0,-101329000.0,-22060000.0,0.0,-13200000.0,-89700000.0,-104200000.0,-126300000.0,0.0
,salesMaturitiesOfInvestments,14000000.0,20000000.0,16000000.0,43000000.0,21000000.0,22000000.0,28000000.0,40000000.0,281000000.0,36516000.0,25322000.0,20215000.0,26932000.0,91184000.0,367365000.0,220082000.0,85412000.0,59509000.0,77780000.0,214513000.0,84102000.0,133000000.0,45500000.0,43800000.0,50000000.0,34000000.0,0.0
,otherInvestingActivites,-3000000.0,-18000000.0,-4000000.0,-10000000.0,-13000000.0,-1000000.0,-17000000.0,-5000000.0,-1000000.0,12569000.0,22396000.0,-23824000.0,9181000.0,-2664000.0,8788000.0,448000.0,8173000.0,994000.0,3079000.0,17603000.0,1870000.0,45100000.0,15100000.0,-47100000.0,-319300000.0,-195800000.0,-33900000.0
,netCashUsedForInvestingActivites,-214000000.0,-183000000.0,-325000000.0,-251000000.0,-532000000.0,-210000000.0,-349000000.0,-662000000.0,324000000.0,-1579131000.0,-606844000.0,-504122000.0,-1756070000.0,-924048000.0,-1274415000.0,-784399000.0,-811327000.0,-483861000.0,-333257000.0,-661974000.0,-1011364000.0,-928400000.0,-890400000.0,-254600000.0,-521400000.0,-424800000.0,-142200000.0
,,,,,,,,,,,,,,,,,,,,,,,,,,,,,,,,,,,,,,,,,,,,,,,,,,,,,,,,,,,,,,,,,,,,,,,,,,,,,,,,,,,,,,,,,,,,,,,,,,,,,
CashProvidedByFinancingingActivites,,,,,,,,,,,,,,,,,,,,,,,,,,,,,,,,,,,,,,,,,,,,,,,,,,,,,,,,,,,,,,,,,,,,,,,,,,,,,,,,,,,,,,,,,,,,,,,,,,,,,
,debtRepayment,-4000000.0,-1351000000.0,-1000000.0,-652000000.0,-1000000.0,-2000000.0,-1751000000.0,-6000000.0,-272000000.0,-8655000.0,-34086000.0,-2895610000.0,0.0,0.0,0.0,0.0,0.0,0.0,0.0,0.0,0.0,0.0,0.0,0.0,0.0,0.0,0.0
,commonStockIssued,66000000.0,85000000.0,22000000.0,84000000.0,84000000.0,59000000.0,148000000.0,206000000.0,283000000.0,153100000.0,114844000.0,101733000.0,56189000.0,116665000.0,78969000.0,24563000.0,79108000.0,40357000.0,44381000.0,0.0,25409000.0,21900000.0,7400000.0,7800000.0,5500000.0,7600000.0,3200000.0
,commonStockRepurchased,-706000000.0,-1500000000.0,-2000000000.0,-1000000000.0,-2000000000.0,-2002000000.0,-4346000000.0,-2106000000.0,-2020000000.0,-950000000.0,-350000000.0,0.0,-1390594000.0,-1757761000.0,-446876000.0,-1041798000.0,-1729806000.0,0.0,0.0,0.0,0.0,-45000000.0,0.0,0.0,0.0,-40000000.0,0.0
,dividendsPaid,-1379000000.0,-1321000000.0,-1124000000.0,-941000000.0,-821000000.0,-742000000.0,-711000000.0,-528000000.0,-865000000.0,-680280000.0,-636200000.0,-619681000.0,-598690000.0,-502430000.0,-398846000.0,-335092000.0,-304581000.0,-285399000.0,-272319000.0,-249141000.0,-223009000.0,-183600000.0,-127400000.0,-107100000.0,-85500000.0,-71800000.0,-61200000.0
,otherFinancingActivites,-26000000.0,-12000000.0,-11000000.0,-14000000.0,17000000.0,8000000.0,19000000.0,24000000.0,16000000.0,8199000.0,8787000.0,4051000.0,4003000.0,-23788000.0,13086000.0,-7121000.0,0.0,12000.0,2790000.0,1330000.0,-493000.0,-15500000.0,900000.0,4700000.0,2900000.0,-7900000.0,0.0
,netCashUsedProvidedByFinancingActivities,-2049000000.0,-2326000000.0,-3964000000.0,-1674000000.0,-2255000000.0,-2526000000.0,-3551000000.0,-1140000000.0,-1571000000.0,-321448000.0,-1047933000.0,-1250367000.0,-461876000.0,-1389928000.0,-575226000.0,-1266322000.0,-1827792000.0,-340796000.0,-228643000.0,-556768000.0,-159821000.0,23600000.0,80000000.0,-336500000.0,-91900000.0,24000000.0,-210100000.0
,,,,,,,,,,,,,,,,,,,,,,,,,,,,,,,,,,,,,,,,,,,,,,,,,,,,,,,,,,,,,,,,,,,,,,,,,,,,,,,,,,,,,,,,,,,,,,,,,,,,,
Other,,,,,,,,,,,,,,,,,,,,,,,,,,,,,,,,,,,,,,,,,,,,,,,,,,,,,,,,,,,,,,,,,,,,,,,,,,,,,,,,,,,,,,,,,,,,,,,,,,,,,
,effectOfForexChangesOnCash,39000000.0,-9000000.0,-112000000.0,145000000.0,-133000000.0,-463000000.0,-535000000.0,-93000000.0,53000000.0,-63921000.0,-34747000.0,183722000.0,-89512000.0,66996000.0,3403000.0,-92788000.0,89995000.0,82712000.0,48607000.0,-1355000.0,-32883000.0,-8400000.0,-3400000.0,-21000000.0,4900000.0,3000000.0,6300000.0
,,,,,,,,,,,,,,,,,,,,,,,,,,,,,,,,,,,,,,,,,,,,,,,,,,,,,,,,,,,,,,,,,,,,,,,,,,,,,,,,,,,,,,,,,,,,,,,,,,,,,
Cash&CashFlow,,,,,,,,,,,,,,,,,,,,,,,,,,,,,,,,,,,,,,,,,,,,,,,,,,,,,,,,,,,,,,,,,,,,,,,,,,,,,,,,,,,,,,,,,,,,,,,,,,,,,
,netChangeInCash,583000000.0,477000000.0,-1590000000.0,622000000.0,-618000000.0,-900000000.0,372000000.0,839000000.0,1601000000.0,-8492000.0,-128734000.0,575822000.0,-84574000.0,237317000.0,219790000.0,-296973000.0,-1017093000.0,626796000.0,775463000.0,130929000.0,-81658000.0,123400000.0,0.0,0.0,0.0,0.0,0.0
,cashAtEndOfPeriod,2564000000.0,1981000000.0,1504000000.0,3094000000.0,2472000000.0,3090000000.0,3990000000.0,3618000000.0,2779000000.0,1177875000.0,1190038000.0,1318772000.0,742950000.0,827524000.0,590207000.0,370417000.0,667390000.0,1684483000.0,1057687000.0,282224000.0,151295000.0,232900000.0,0.0,0.0,0.0,0.0,0.0
,cashAtBeginningOfPeriod,1981000000.0,1504000000.0,3094000000.0,2472000000.0,3090000000.0,3990000000.0,3618000000.0,2779000000.0,1178000000.0,1186367000.0,1318772000.0,742950000.0,827524000.0,590207000.0,370417000.0,667390000.0,1684483000.0,1057687000.0,282224000.0,151295000.0,232953000.0,109500000.0,185900000.0,137700000.0,116600000.0,76900000.0,35400000.0
,operatingCashFlow,2807000000.0,2995000000.0,2811000000.0,2402000000.0,2302000000.0,2299000000.0,1616000000.0,2528000000.0,2072000000.0,1956008000.0,1560790000.0,2146589000.0,2222884000.0,2484297000.0,2066028000.0,1846536000.0,1532031000.0,1368741000.0,1288756000.0,1351026000.0,1122410000.0,1036600000.0,721500000.0,660300000.0,629400000.0,437500000.0,387500000.0
,capitalExpenditure,-236000000.0,-326000000.0,-364000000.0,-297000000.0,-273000000.0,-284000000.0,-361000000.0,-368000000.0,-382000000.0,-353408000.0,-286172000.0,-247102000.0,-355472000.0,-353355000.0,-301006000.0,-293102000.0,-282560000.0,-258312000.0,-271424000.0,-256562000.0,-313913000.0,-1141500000.0,-959900000.0,-178700000.0,-168700000.0,-150200000.0,-131100000.0
,freeCashFlow,2571000000.0,2669000000.0,2447000000.0,2105000000.0,2029000000.0,2015000000.0,1255000000.0,2160000000.0,1690000000.0,1602600000.0,1274618000.0,1899487000.0,1867412000.0,2130942000.0,1765022000.0,1553434000.0,1249471000.0,1110429000.0,1017332000.0,1094464000.0,808497000.0,-104900000.0,-238400000.0,481600000.0,460700000.0,287300000.0,256400000.0
