date,,2020-12-31_FY,2019-12-31_FY,2018-12-31_FY,2017-12-31_FY,2016-12-31_FY,2015-12-31_FY,2014-12-31_FY,2013-12-31_FY,2012-12-31_FY,2011-12-31_FY,2010-12-31_FY,2009-12-31_FY,2008-12-31_FY,2007-12-31_FY,2006-12-31_FY,2005-12-31_FY,2004-12-31_FY,2003-12-31_FY,2002-12-31_FY,2001-12-31_FY,2000-12-31_FY,1999-12-31_FY,1998-12-31_FY
,,,,,,,,,,,,,,,,,,,,,,,,,,,,,,,,,,,,,,,,,,,,,,,,,,,,,,,,,,,,,,,,,,,,,,,,,,,,,,,,,,,,,,,,,,,,,,,,,,,,,
CashProvidedByOperatingActivites,,,,,,,,,,,,,,,,,,,,,,,,,,,,,,,,,,,,,,,,,,,,,,,,,,,,,,,,,,,,,,,,,,,,,,,,,,,,,,,,,,,,,,,,,,,,,,,,,,,,,
,netIncome,150668000.0,218806000.0,128687000.0,139425000.0,152439000.0,133636000.0,125327000.0,107522000.0,121580000.0,114766000.0,83047000.0,66827000.0,72562000.0,68461000.0,53131000.0,51258000.0,31607000.0,35806000.0,14317116.0,-7834806.0,-22219000.0,-17400000.0,-17200000.0
,depreciationAndAmortization,228737000.0,253451000.0,187174000.0,162041000.0,122091000.0,93213000.0,62953000.0,39788000.0,22164000.0,19756000.0,14510000.0,14707000.0,13177000.0,10134000.0,8228000.0,7109000.0,4549000.0,3910000.0,3488432.0,9694139.0,6987000.0,1900000.0,1100000.0
,deferredIncomeTax,5840000.0,-63444000.0,25050000.0,-21432000.0,-13779000.0,-17083000.0,-10033000.0,250000.0,1150000.0,6822000.0,-541000.0,-629000.0,-2908000.0,212000.0,-1961000.0,2153000.0,11680000.0,-15720000.0,0.0,0.0,0.0,0.0,0.0
,stockBasedCompensation,24006000.0,23922000.0,28093000.0,22737000.0,13650000.0,11793000.0,8908000.0,9720000.0,9132000.0,8968000.0,10937000.0,11018000.0,0.0,0.0,0.0,0.0,0.0,0.0,0.0,0.0,0.0,0.0,0.0
,changeInWorkingCapital,-19023000.0,-99223000.0,-202316000.0,461415000.0,-392241000.0,-200665000.0,212683000.0,-24439000.0,143473000.0,97489000.0,-169928000.0,85415000.0,-51671000.0,28587000.0,55943000.0,41695000.0,3426000.0,32034415.0,15996714.0,-3563129.0,-16825000.0,-2000000.0,100000.0
,accountsReceivables,-31611000.0,-30680000.0,4034000.0,-37546000.0,-30687000.0,-18508000.0,-11078000.0,-9588000.0,-5417000.0,-9509000.0,-246000.0,-6000.0,0.0,0.0,0.0,0.0,0.0,0.0,0.0,0.0,0.0,0.0,0.0
,inventory,0.0,0.0,0.0,0.0,0.0,0.0,0.0,0.0,0.0,0.0,0.0,0.0,0.0,0.0,0.0,0.0,0.0,0.0,0.0,0.0,284000.0,0.0,0.0
,accountsPayables,2184000.0,-770000.0,-35220000.0,-34116000.0,6363000.0,8757000.0,-5447000.0,9126000.0,5138000.0,0.0,0.0,0.0,0.0,0.0,0.0,0.0,0.0,0.0,0.0,0.0,0.0,0.0,0.0
,otherWorkingCapital,17308000.0,53786000.0,153009000.0,355325000.0,-106090000.0,286151000.0,486816000.0,274133000.0,298572000.0,155099000.0,57610000.0,227538000.0,142123000.0,193794000.0,165207000.0,109264000.0,67569000.0,64143000.0,32108585.0,16111871.0,19675000.0,36500000.0,0.0
,otherNonCashItems,46082000.0,20356000.0,30329000.0,14252000.0,10849000.0,10312000.0,6379000.0,613000.0,249000.0,114766000.0,1965000.0,2378000.0,11265000.0,2683000.0,5950000.0,0.0,0.0,0.0,0.0,0.0,2000.0,0.0,0.0
,netCashProvidedByOperatingActivites,480079000.0,412539000.0,401325000.0,264419000.0,282387000.0,229061000.0,177231000.0,193324000.0,169911000.0,150748000.0,96385000.0,101833000.0,90716000.0,94207000.0,73005000.0,64345000.0,51321000.0,32629000.0,16356370.0,1679597.0,-11931000.0,-12100000.0,-10000000.0
,,,,,,,,,,,,,,,,,,,,,,,,,,,,,,,,,,,,,,,,,,,,,,,,,,,,,,,,,,,,,,,,,,,,,,,,,,,,,,,,,,,,,,,,,,,,,,,,,,,,,
CashProvidedByInvestingActivites,,,,,,,,,,,,,,,,,,,,,,,,,,,,,,,,,,,,,,,,,,,,,,,,,,,,,,,,,,,,,,,,,,,,,,,,,,,,,,,,,,,,,,,,,,,,,,,,,,,,,
,investmentsInPropertyPlantAndEquipment,-92552000.0,-70588000.0,-56379000.0,-39595000.0,-24746000.0,-17297000.0,-11829000.0,-18627000.0,-5061000.0,-6844000.0,-1842000.0,-3251000.0,-6325000.0,-16353000.0,-10716000.0,-8928000.0,-6981000.0,-3566000.0,-2828971.0,-2717404.0,-3036000.0,-2500000.0,-500000.0
,acquisitionsNet,0.0,-415000000.0,-312000000.0,-117000000.0,-581000000.0,-303000000.0,-245000000.0,-126000000.0,-198000000.0,-4000000.0,-249000000.0,-13000000.0,-43000000.0,-11000000.0,-7000000.0,-11000000.0,0.0,0.0,0.0,0.0,0.0,0.0,0.0
,purchasesOfInvestments,-1246000.0,0.0,-500000.0,-4000.0,-80918000.0,-135832000.0,-138452000.0,-168901000.0,-151989000.0,-82879000.0,-52921000.0,-12900000.0,0.0,-337501000.0,-181508000.0,-149339000.0,-43946000.0,-16947000.0,0.0,0.0,0.0,-36400000.0,0.0
,salesMaturitiesOfInvestments,0.0,0.0,0.0,0.0,241817000.0,121752000.0,124883000.0,182741000.0,146709000.0,29777000.0,80496000.0,2706000.0,64051000.0,358042000.0,194611000.0,9169000.0,0.0,0.0,169506.0,4282797.0,32312000.0,0.0,0.0
,otherInvestingActivites,507000.0,0.0,0.0,0.0,0.0,-62000.0,543000.0,-22070000.0,-34517000.0,-8000000.0,31666000.0,-31372000.0,0.0,0.0,0.0,110895000.0,-5877000.0,340000.0,-228634.0,-920477.0,-1000.0,-500000.0,0.0
,netCashUsedForInvestingActivites,-586220000.0,-505273000.0,-406613000.0,-158490000.0,-448859000.0,-335703000.0,-275469000.0,-167398000.0,-249494000.0,-76180000.0,-231134000.0,-61449000.0,14926000.0,-6977000.0,-4954000.0,-49065000.0,-65411000.0,-20857000.0,-2888099.0,644916.0,24421000.0,-39400000.0,-500000.0
,,,,,,,,,,,,,,,,,,,,,,,,,,,,,,,,,,,,,,,,,,,,,,,,,,,,,,,,,,,,,,,,,,,,,,,,,,,,,,,,,,,,,,,,,,,,,,,,,,,,,
CashProvidedByFinancingingActivites,,,,,,,,,,,,,,,,,,,,,,,,,,,,,,,,,,,,,,,,,,,,,,,,,,,,,,,,,,,,,,,,,,,,,,,,,,,,,,,,,,,,,,,,,,,,,,,,,,,,,
,debtRepayment,-650400000.0,-190100000.0,-2204000.0,-480000000.0,0.0,0.0,0.0,0.0,0.0,0.0,0.0,0.0,0.0,0.0,0.0,0.0,0.0,0.0,0.0,0.0,0.0,0.0,0.0
,commonStockIssued,0.0,0.0,0.0,1367000.0,3824000.0,5218000.0,6886000.0,13865000.0,0.0,142000.0,109000.0,120000.0,2012000.0,7966000.0,1400000.0,4094000.0,1900000.0,3356000.0,1722615.0,5812.0,103000.0,73900000.0,12500000.0
,commonStockRepurchased,-275654000.0,-20803000.0,-47102000.0,-9850000.0,-56496000.0,-3674000.0,-5663000.0,-4587000.0,-60282000.0,-1281000.0,-4221000.0,-470000.0,-108492000.0,-42427000.0,-11612000.0,0.0,0.0,0.0,-98000.0,-5586116.0,0.0,-6800000.0,0.0
,dividendsPaid,0.0,-43533000.0,-81679000.0,-73469000.0,-65835000.0,-58826000.0,-52269000.0,-45134000.0,-40263000.0,-19174000.0,0.0,0.0,0.0,0.0,0.0,0.0,0.0,0.0,0.0,0.0,0.0,0.0,0.0
,otherFinancingActivites,-67580000.0,-33655000.0,-4001000.0,-7691000.0,-19053000.0,-10081000.0,-23924000.0,211000.0,8134000.0,13561000.0,62000.0,3063000.0,1565000.0,4731000.0,1458000.0,0.0,0.0,0.0,0.0,0.0,51000.0,0.0,0.0
,netCashUsedProvidedByFinancingActivities,-234633000.0,456695000.0,-131362000.0,111823000.0,41150000.0,-67363000.0,327530000.0,-35693000.0,158392000.0,338000.0,2671000.0,5421000.0,-104915000.0,-29883000.0,-9353000.0,2769000.0,-72000.0,2333000.0,221517.0,-7061862.0,-922000.0,56500000.0,17800000.0
,,,,,,,,,,,,,,,,,,,,,,,,,,,,,,,,,,,,,,,,,,,,,,,,,,,,,,,,,,,,,,,,,,,,,,,,,,,,,,,,,,,,,,,,,,,,,,,,,,,,,
Other,,,,,,,,,,,,,,,,,,,,,,,,,,,,,,,,,,,,,,,,,,,,,,,,,,,,,,,,,,,,,,,,,,,,,,,,,,,,,,,,,,,,,,,,,,,,,,,,,,,,,
,effectOfForexChangesOnCash,7811000.0,2180000.0,-4821000.0,9243000.0,-6258000.0,-4128000.0,-3430000.0,-1112000.0,512000.0,-299000.0,-581000.0,826000.0,-4167000.0,1268000.0,606000.0,-562000.0,94000.0,0.0,0.0,0.0,0.0,0.0,0.0
,,,,,,,,,,,,,,,,,,,,,,,,,,,,,,,,,,,,,,,,,,,,,,,,,,,,,,,,,,,,,,,,,,,,,,,,,,,,,,,,,,,,,,,,,,,,,,,,,,,,,
Cash&CashFlow,,,,,,,,,,,,,,,,,,,,,,,,,,,,,,,,,,,,,,,,,,,,,,,,,,,,,,,,,,,,,,,,,,,,,,,,,,,,,,,,,,,,,,,,,,,,,,,,,,,,,
,netChangeInCash,-332963000.0,366141000.0,-141471000.0,226995000.0,-131580000.0,-178133000.0,225862000.0,-10879000.0,79321000.0,74607000.0,-132659000.0,46631000.0,-3440000.0,58615000.0,59304000.0,17487000.0,-14068000.0,14105000.0,13689788.0,-4737349.0,11568000.0,5000000.0,0.0
,cashAtEndOfPeriod,242652000.0,575615000.0,209474000.0,350945000.0,123950000.0,255530000.0,433663000.0,207801000.0,218680000.0,139359000.0,64752000.0,197411000.0,150780000.0,154220000.0,95605000.0,36301000.0,18814000.0,46882000.0,32776841.0,19087053.0,23824000.0,12300000.0,0.0
,cashAtBeginningOfPeriod,575615000.0,209474000.0,350945000.0,123950000.0,255530000.0,433663000.0,207801000.0,218680000.0,139359000.0,64752000.0,197411000.0,150780000.0,154220000.0,95605000.0,36301000.0,18814000.0,32882000.0,32777000.0,19087053.0,23824402.0,12256000.0,7300000.0,0.0
,operatingCashFlow,480079000.0,412539000.0,401325000.0,264419000.0,282387000.0,229061000.0,177231000.0,193324000.0,169911000.0,150748000.0,96385000.0,101833000.0,90716000.0,94207000.0,73005000.0,64345000.0,51321000.0,32629000.0,16356370.0,1679597.0,-11931000.0,-12100000.0,-10000000.0
,capitalExpenditure,-95670000.0,-70634000.0,-57048000.0,-41835000.0,-29067000.0,-18752000.0,-17165000.0,-32827000.0,-11356000.0,-11156000.0,-10154000.0,-8723000.0,-6325000.0,-16353000.0,-10716000.0,-8928000.0,-6981000.0,-3566000.0,-2828971.0,-2717404.0,-3036000.0,-2500000.0,-500000.0
,freeCashFlow,384409000.0,341905000.0,344277000.0,222584000.0,253320000.0,210309000.0,160066000.0,160497000.0,158555000.0,139592000.0,86231000.0,93110000.0,84391000.0,77854000.0,62289000.0,55417000.0,44340000.0,29063000.0,13527399.0,-1037807.0,-14967000.0,-14600000.0,-10500000.0
