date,,2021-03-31_FY,2020-03-31_FY,2019-03-31_FY,2018-03-31_FY,2017-03-31_FY,2016-03-31_FY,2015-03-31_FY,2014-03-31_FY,2013-03-31_FY,2012-03-31_FY,2011-03-31_FY,2010-03-31_FY,2009-03-31_FY,2008-03-31_FY,2007-03-31_FY,2006-03-31_FY,2005-03-31_FY
,,,,,,,,,,,,,,,,,,,,,,,,,,,,,,,,,,,,,,,,,,,,,,,,,,,,,,,,,,,,,,,,,,,,,,,,,,,,,,,,,,,,,,,,,,,,,,,,,,,,,
CashProvidedByOperatingActivites,,,,,,,,,,,,,,,,,,,,,,,,,,,,,,,,,,,,,,,,,,,,,,,,,,,,,,,,,,,,,,,,,,,,,,,,,,,,,,,,,,,,,,,,,,,,,,,,,,,,,
,netIncome,-402148000.0,-309586000.0,-266458000.0,509276000.0,446412000.0,64604000.0,-446785000.0,135900000.0,530300000.0,-126500000.0,515347000.0,231496000.0,-1107473000.0,152761000.0,93912000.0,51563000.0,37205000.0
,depreciationAndAmortization,24135000.0,41242000.0,27426000.0,20814000.0,22520000.0,40109000.0,74642000.0,77563000.0,108194000.0,126720000.0,126539000.0,66445000.0,8694000.0,12671000.0,25139000.0,39657000.0,53126000.0
,deferredIncomeTax,0.0,0.0,0.0,0.0,0.0,0.0,0.0,0.0,0.0,0.0,22655000.0,-122014000.0,-64088000.0,-18692000.0,-4788000.0,-4632000.0,-8836000.0
,stockBasedCompensation,6492000.0,12250000.0,6133000.0,18353000.0,6076000.0,5348000.0,7120000.0,1796000.0,11952000.0,10662000.0,5509000.0,4754000.0,4098000.0,3076000.0,3920000.0,6518000.0,3462000.0
,changeInWorkingCapital,-102758000.0,43994000.0,-119952000.0,-39301000.0,-23437000.0,18710000.0,-44458000.0,38726000.0,-2223000.0,-27032000.0,-38213000.0,-35523000.0,6181000.0,-11879000.0,-28311000.0,-28277000.0,-13589000.0
,accountsReceivables,120870000.0,33839000.0,-92923000.0,-108900000.0,18069000.0,109135000.0,-95662000.0,-119807000.0,-17465000.0,0.0,0.0,-60021000.0,-17251000.0,-14887000.0,-27029000.0,-47793000.0,-83004000.0
,inventory,3185000.0,-3234000.0,-601000.0,538000.0,-9282000.0,2219000.0,-2331000.0,1231000.0,-4669000.0,-6602000.0,-2938000.0,2389000.0,-1517000.0,1609000.0,-1081000.0,-4382000.0,-414000.0
,accountsPayables,0.0,0.0,53937000.0,90696000.0,-23846000.0,-52798000.0,80593000.0,160434000.0,22619000.0,0.0,0.0,0.0,0.0,0.0,0.0,0.0,0.0
,otherWorkingCapital,6145000.0,-3795000.0,5968000.0,-7076000.0,-12110000.0,0.0,0.0,0.0,0.0,0.0,0.0,-9691000.0,1132000.0,-415000.0,1028000.0,-13450000.0,6993000.0
,otherNonCashItems,496192000.0,20435000.0,20779000.0,17294000.0,25809000.0,32558000.0,14082000.0,20979000.0,16562000.0,17451000.0,18495000.0,11833000.0,-11621000.0,-2761000.0,924000.0,2555000.0,-2551000.0
,netCashProvidedByOperatingActivites,46301000.0,41137000.0,-44455000.0,62022000.0,150451000.0,187106000.0,96212000.0,165398000.0,98153000.0,144390000.0,153360000.0,158273000.0,172767000.0,136007000.0,98354000.0,69582000.0,67142000.0
,,,,,,,,,,,,,,,,,,,,,,,,,,,,,,,,,,,,,,,,,,,,,,,,,,,,,,,,,,,,,,,,,,,,,,,,,,,,,,,,,,,,,,,,,,,,,,,,,,,,,
CashProvidedByInvestingActivites,,,,,,,,,,,,,,,,,,,,,,,,,,,,,,,,,,,,,,,,,,,,,,,,,,,,,,,,,,,,,,,,,,,,,,,,,,,,,,,,,,,,,,,,,,,,,,,,,,,,,
,investmentsInPropertyPlantAndEquipment,-423000.0,-2159000.0,-5159000.0,-4838000.0,-8315000.0,-6897000.0,-5769000.0,-35540000.0,-101413000.0,-74829000.0,-36641000.0,-41207000.0,-6345000.0,-7842000.0,-3726000.0,-3480000.0,-5642000.0
,acquisitionsNet,4618000.0,-4341000.0,-4281000.0,-10832000.0,-9388000.0,0.0,195510000.0,-7185000.0,0.0,-94426000.0,-262673000.0,9799000.0,-1842000.0,-33400000.0,0.0,0.0,0.0
,purchasesOfInvestments,0.0,0.0,0.0,0.0,-26255000.0,0.0,0.0,0.0,-8942000.0,0.0,0.0,0.0,0.0,0.0,0.0,0.0,0.0
,salesMaturitiesOfInvestments,0.0,0.0,0.0,25532000.0,0.0,0.0,0.0,0.0,0.0,0.0,0.0,0.0,0.0,0.0,0.0,0.0,0.0
,otherInvestingActivites,-11132000.0,-14382000.0,-38383000.0,-30938000.0,-14199000.0,489000.0,-56176000.0,-70518000.0,-52488000.0,-35992000.0,-19533000.0,-6058000.0,0.0,0.0,0.0,-6593000.0,-10332000.0
,netCashUsedForInvestingActivites,-6937000.0,-20882000.0,-47823000.0,-21076000.0,-58157000.0,-6408000.0,133565000.0,-113243000.0,-162843000.0,-205247000.0,-318847000.0,-37466000.0,-8187000.0,-41242000.0,-3726000.0,-10073000.0,-15974000.0
,,,,,,,,,,,,,,,,,,,,,,,,,,,,,,,,,,,,,,,,,,,,,,,,,,,,,,,,,,,,,,,,,,,,,,,,,,,,,,,,,,,,,,,,,,,,,,,,,,,,,
CashProvidedByFinancingingActivites,,,,,,,,,,,,,,,,,,,,,,,,,,,,,,,,,,,,,,,,,,,,,,,,,,,,,,,,,,,,,,,,,,,,,,,,,,,,,,,,,,,,,,,,,,,,,,,,,,,,,
,debtRepayment,-18219000.0,-31059000.0,-173366000.0,-100000000.0,-401261000.0,-32073000.0,-381359000.0,-611154000.0,-277620000.0,-289259000.0,-148292000.0,-207493000.0,-85731000.0,-68303000.0,0.0,0.0,0.0
,commonStockIssued,100969000.0,0.0,0.0,0.0,0.0,0.0,0.0,0.0,7000.0,0.0,0.0,0.0,0.0,18079000.0,0.0,0.0,0.0
,commonStockRepurchased,0.0,0.0,0.0,-11941000.0,-6549000.0,0.0,0.0,0.0,0.0,0.0,0.0,0.0,-6603000.0,0.0,0.0,0.0,0.0
,dividendsPaid,0.0,-26172000.0,-87959000.0,-86261000.0,-76710000.0,-74732000.0,-83041000.0,-115072000.0,-156651000.0,-146822000.0,-143692000.0,-165075000.0,-137817000.0,-142981000.0,-107113000.0,-96196000.0,-88222000.0
,otherFinancingActivites,92310000.0,52155000.0,314667000.0,147285000.0,323746000.0,-21408000.0,287934000.0,659849000.0,487084000.0,452199000.0,495863000.0,256660000.0,94664000.0,108257000.0,17526000.0,32746000.0,13454000.0
,netCashUsedProvidedByFinancingActivities,175060000.0,-5076000.0,53342000.0,-50917000.0,-160774000.0,-128213000.0,-176466000.0,-66377000.0,52820000.0,16118000.0,203879000.0,-115908000.0,-135487000.0,-84948000.0,-89587000.0,-63450000.0,-74768000.0
,,,,,,,,,,,,,,,,,,,,,,,,,,,,,,,,,,,,,,,,,,,,,,,,,,,,,,,,,,,,,,,,,,,,,,,,,,,,,,,,,,,,,,,,,,,,,,,,,,,,,
Other,,,,,,,,,,,,,,,,,,,,,,,,,,,,,,,,,,,,,,,,,,,,,,,,,,,,,,,,,,,,,,,,,,,,,,,,,,,,,,,,,,,,,,,,,,,,,,,,,,,,,
,effectOfForexChangesOnCash,-24528000.0,1026000.0,2000.0,1456000.0,-1740000.0,-3703000.0,7037000.0,1276000.0,-2690000.0,326000.0,-891000.0,-3861000.0,2691000.0,707000.0,82000.0,-454000.0,-583000.0
,,,,,,,,,,,,,,,,,,,,,,,,,,,,,,,,,,,,,,,,,,,,,,,,,,,,,,,,,,,,,,,,,,,,,,,,,,,,,,,,,,,,,,,,,,,,,,,,,,,,,
Cash&CashFlow,,,,,,,,,,,,,,,,,,,,,,,,,,,,,,,,,,,,,,,,,,,,,,,,,,,,,,,,,,,,,,,,,,,,,,,,,,,,,,,,,,,,,,,,,,,,,,,,,,,,,
,netChangeInCash,189896000.0,16205000.0,-38934000.0,-8515000.0,-70220000.0,48782000.0,58413000.0,-18097000.0,-14722000.0,-44413000.0,37501000.0,1038000.0,31784000.0,10524000.0,5123000.0,-4395000.0,-24183000.0
,cashAtEndOfPeriod,215989000.0,26093000.0,9927000.0,48861000.0,57376000.0,127596000.0,78814000.0,20401000.0,38498000.0,53220000.0,97633000.0,60132000.0,59094000.0,27310000.0,16786000.0,11663000.0,16058000.0
,cashAtBeginningOfPeriod,26093000.0,9888000.0,48861000.0,57376000.0,127596000.0,78814000.0,20401000.0,38498000.0,53220000.0,97633000.0,60132000.0,59094000.0,27310000.0,16786000.0,11663000.0,16058000.0,40241000.0
,operatingCashFlow,46301000.0,41137000.0,-44455000.0,62022000.0,150451000.0,187106000.0,96212000.0,165398000.0,98153000.0,144390000.0,153360000.0,158273000.0,172767000.0,136007000.0,98354000.0,69582000.0,67142000.0
,capitalExpenditure,-11555000.0,-16541000.0,-43542000.0,-35776000.0,-26389000.0,-16959000.0,-13401000.0,-43629000.0,-115976000.0,-80696000.0,-39196000.0,-47555000.0,-6345000.0,-7842000.0,-3726000.0,-10073000.0,-15974000.0
,freeCashFlow,34746000.0,24596000.0,-87997000.0,26246000.0,124062000.0,170147000.0,82811000.0,121769000.0,-17823000.0,63694000.0,114164000.0,110718000.0,166422000.0,128165000.0,94628000.0,59509000.0,51168000.0
