date,,2020-03-31_FY,2019-03-31_FY,2018-03-31_FY,2017-03-31_FY,2016-03-31_FY,2015-03-31_FY,2014-03-31_FY,2013-03-31_FY,2012-03-31_FY,2011-03-31_FY,2010-03-31_FY,2009-03-31_FY,2008-03-31_FY,2007-03-31_FY,2006-03-31_FY,2005-03-31_FY,2004-03-31_FY,2003-03-31_FY,2002-03-31_FY,2001-03-31_FY,2000-03-31_FY,1999-03-31_FY,1998-03-31_FY,1997-03-31_FY,1996-03-31_FY,1995-03-31_FY
,,,,,,,,,,,,,,,,,,,,,,,,,,,,,,,,,,,,,,,,,,,,,,,,,,,,,,,,,,,,,,,,,,,,,,,,,,,,,,,,,,,,,,,,,,,,,,,,,,,,,
CashProvidedByOperatingActivites,,,,,,,,,,,,,,,,,,,,,,,,,,,,,,,,,,,,,,,,,,,,,,,,,,,,,,,,,,,,,,,,,,,,,,,,,,,,,,,,,,,,,,,,,,,,,,,,,,,,,
,netIncome,900000000.0,34000000.0,67000000.0,5070000000.0,2258000000.0,1476000000.0,1263000000.0,1338000000.0,1403000000.0,1202000000.0,1263000000.0,823000000.0,990000000.0,913000000.0,751000000.0,-156700000.0,646500000.0,555400000.0,418600000.0,-48300000.0,723700000.0,84900000.0,154900000.0,133900000.0,135400000.0,404500000.0
,depreciationAndAmortization,922000000.0,949000000.0,951000000.0,910000000.0,885000000.0,1017000000.0,704000000.0,591000000.0,551000000.0,139000000.0,474000000.0,441000000.0,371000000.0,295000000.0,266000000.0,250900000.0,232100000.0,203700000.0,207500000.0,246100000.0,201300000.0,199300000.0,87200000.0,71800000.0,71300000.0,69800000.0
,deferredIncomeTax,-342000000.0,189000000.0,-868000000.0,882000000.0,64000000.0,171000000.0,16000000.0,606000000.0,164000000.0,128000000.0,161000000.0,148000000.0,198000000.0,167000000.0,403000000.0,-328800000.0,69500000.0,126600000.0,76800000.0,-21400000.0,26500000.0,-31900000.0,66400000.0,-1600000.0,43200000.0,-81000000.0
,stockBasedCompensation,0.0,0.0,69000000.0,115000000.0,123000000.0,174000000.0,160000000.0,167000000.0,154000000.0,137000000.0,114000000.0,99000000.0,0.0,0.0,0.0,0.0,0.0,0.0,0.0,0.0,0.0,0.0,0.0,0.0,0.0,0.0
,changeInWorkingCapital,-1241000000.0,388000000.0,-885000000.0,-2030000000.0,193000000.0,101000000.0,1259000000.0,-104000000.0,-1714000000.0,-861000000.0,1427000000.0,627000000.0,-292000000.0,-674000000.0,-135700000.0,-8400000.0,268900000.0,168500000.0,496400000.0,-229400000.0,1144300000.0,171600000.0,403900000.0,181500000.0,-18800000.0,60000000.0
,accountsReceivables,0.0,0.0,0.0,0.0,0.0,0.0,0.0,0.0,0.0,0.0,0.0,0.0,0.0,0.0,0.0,0.0,0.0,0.0,0.0,0.0,0.0,0.0,0.0,0.0,0.0,0.0
,inventory,-376000000.0,-368000000.0,-458000000.0,320000000.0,-1251000000.0,-2144000000.0,-1201000000.0,-59000000.0,-878000000.0,367000000.0,-782000000.0,370000000.0,-676000000.0,-928000000.0,578000000.0,-720000000.0,-681300000.0,13400000.0,-901500000.0,-985000000.0,-629800000.0,-895500000.0,-292200000.0,-332600000.0,-223400000.0,-200100000.0
,accountsPayables,0.0,1976000000.0,271000000.0,2070000000.0,3302000000.0,4718000000.0,2412000000.0,-125000000.0,2027000000.0,533000000.0,0.0,0.0,0.0,0.0,0.0,0.0,0.0,0.0,0.0,0.0,0.0,0.0,0.0,0.0,0.0,0.0
,otherWorkingCapital,-402000000.0,839000000.0,451000000.0,1336000000.0,3366000000.0,3173000000.0,3072000000.0,1813000000.0,1917000000.0,3631000000.0,4492000000.0,3065000000.0,2438000000.0,2730000000.0,3404000000.0,3539700000.0,3548100000.0,3279200000.0,3110700000.0,2614300000.0,2843700000.0,1699400000.0,1527800000.0,1123900000.0,942400000.0,961200000.0
,otherNonCashItems,721000000.0,-158000000.0,84000000.0,-434000000.0,489000000.0,426000000.0,422000000.0,-557000000.0,1591000000.0,55000000.0,-236000000.0,414000000.0,-943000000.0,-83000000.0,-31000000.0,98900000.0,0.0,400000.0,47600000.0,295100000.0,103900000.0,314200000.0,-76600000.0,-128800000.0,-18600000.0,220900000.0
,netCashProvidedByOperatingActivites,4374000000.0,4036000000.0,4345000000.0,4744000000.0,3672000000.0,3112000000.0,3136000000.0,2483000000.0,2950000000.0,2338000000.0,2316000000.0,1351000000.0,869000000.0,1539000000.0,2744000000.0,1538400000.0,563400000.0,695500000.0,329300000.0,353100000.0,-416000000.0,317100000.0,2200000.0,238100000.0,2500000.0,195100000.0
,,,,,,,,,,,,,,,,,,,,,,,,,,,,,,,,,,,,,,,,,,,,,,,,,,,,,,,,,,,,,,,,,,,,,,,,,,,,,,,,,,,,,,,,,,,,,,,,,,,,,
CashProvidedByInvestingActivites,,,,,,,,,,,,,,,,,,,,,,,,,,,,,,,,,,,,,,,,,,,,,,,,,,,,,,,,,,,,,,,,,,,,,,,,,,,,,,,,,,,,,,,,,,,,,,,,,,,,,
,investmentsInPropertyPlantAndEquipment,-362000000.0,-426000000.0,-405000000.0,-404000000.0,-488000000.0,-376000000.0,-274000000.0,-246000000.0,-225000000.0,-233000000.0,-199000000.0,-195000000.0,-356000000.0,-306000000.0,-167000000.0,-139900000.0,-115000000.0,-116000000.0,-131800000.0,-158900000.0,-145100000.0,-553400000.0,-232400000.0,-1286400000.0,-110800000.0,-82300000.0
,acquisitionsNet,-96000000.0,-804000000.0,-2519000000.0,-4006000000.0,170000000.0,-155000000.0,-4537000000.0,-1873000000.0,-1051000000.0,-183000000.0,-17000000.0,-295000000.0,-610000000.0,-1759000000.0,-526000000.0,-64000000.0,0.0,0.0,0.0,0.0,0.0,0.0,0.0,0.0,0.0,0.0
,purchasesOfInvestments,0.0,0.0,0.0,0.0,0.0,0.0,0.0,0.0,0.0,0.0,0.0,0.0,0.0,0.0,0.0,0.0,0.0,0.0,0.0,0.0,-161100000.0,-27900000.0,-1300000.0,-103100000.0,-130600000.0,-324000000.0
,salesMaturitiesOfInvestments,0.0,0.0,0.0,0.0,0.0,0.0,0.0,0.0,0.0,0.0,0.0,0.0,0.0,0.0,0.0,0.0,0.0,0.0,0.0,13900000.0,162800000.0,117900000.0,32700000.0,198200000.0,244800000.0,19900000.0
,otherInvestingActivites,23000000.0,-20000000.0,1451000000.0,-431000000.0,-1050000000.0,23000000.0,-94000000.0,70000000.0,57000000.0,-53000000.0,86000000.0,-40000000.0,0.0,-38000000.0,-1118000000.0,-106500000.0,-103500000.0,-74300000.0,-182100000.0,-157500000.0,912200000.0,-222700000.0,-94400000.0,-77200000.0,-50200000.0,-22300000.0
,netCashUsedForInvestingActivites,-579000000.0,-1381000000.0,-1522000000.0,-3796000000.0,-1557000000.0,-677000000.0,-5046000000.0,-2209000000.0,-1502000000.0,-624000000.0,-309000000.0,-727000000.0,-966000000.0,-2103000000.0,-1825000000.0,-355300000.0,-267900000.0,-576100000.0,-386800000.0,-342800000.0,654800000.0,-653900000.0,-285200000.0,-964200000.0,-4000000.0,164200000.0
,,,,,,,,,,,,,,,,,,,,,,,,,,,,,,,,,,,,,,,,,,,,,,,,,,,,,,,,,,,,,,,,,,,,,,,,,,,,,,,,,,,,,,,,,,,,,,,,,,,,,
CashProvidedByFinancingingActivites,,,,,,,,,,,,,,,,,,,,,,,,,,,,,,,,,,,,,,,,,,,,,,,,,,,,,,,,,,,,,,,,,,,,,,,,,,,,,,,,,,,,,,,,,,,,,,,,,,,,,
,debtRepayment,-21735000000.0,-38380000000.0,-23124000000.0,-9725000000.0,-3286000000.0,-3505000000.0,-6478000000.0,-3768000000.0,-430000000.0,-2730000000.0,-224000000.0,-3634000000.0,0.0,0.0,0.0,0.0,0.0,0.0,0.0,0.0,0.0,0.0,0.0,0.0,0.0,0.0
,commonStockIssued,113000000.0,75000000.0,132000000.0,120000000.0,123000000.0,152000000.0,177000000.0,166000000.0,167000000.0,367000000.0,212000000.0,97000000.0,354000000.0,399000000.0,568000000.0,223300000.0,92600000.0,78800000.0,88100000.0,38600000.0,26200000.0,224900000.0,11300000.0,222500000.0,19200000.0,27100000.0
,commonStockRepurchased,-1954000000.0,-1639000000.0,-1709000000.0,-2311000000.0,-1612000000.0,-450000000.0,-130000000.0,-1214000000.0,-1874000000.0,0.0,-323000000.0,-502000000.0,-1698000000.0,-1003000000.0,-958000000.0,0.0,-156800000.0,-25000000.0,-44200000.0,-65600000.0,0.0,0.0,0.0,-155700000.0,-62700000.0,-3100000.0
,dividendsPaid,-294000000.0,-292000000.0,-262000000.0,-253000000.0,-244000000.0,-227000000.0,-214000000.0,-194000000.0,-195000000.0,-171000000.0,-131000000.0,-116000000.0,-70000000.0,-72000000.0,-73000000.0,-70600000.0,-69800000.0,-79700000.0,-78500000.0,-78300000.0,-77500000.0,-94800000.0,-46300000.0,-43300000.0,-44200000.0,-69900000.0
,otherFinancingActivites,-301000000.0,-355000000.0,-185000000.0,-18000000.0,5000000.0,-41000000.0,5000000.0,31000000.0,27000000.0,-1996000000.0,40000000.0,4000000.0,106000000.0,89000000.0,-90000000.0,24500000.0,42000000.0,13200000.0,19700000.0,1700000.0,15600000.0,-900000.0,-5200000.0,300000.0,3900000.0,3900000.0
,netCashUsedProvidedByFinancingActivities,-2734000000.0,-2227000000.0,-3084000000.0,-2069000000.0,-3453000000.0,-968000000.0,3619000000.0,-956000000.0,-1905000000.0,-1841000000.0,-421000000.0,178000000.0,-1470000000.0,379000000.0,-577000000.0,-91100000.0,-109500000.0,-155200000.0,181700000.0,-125500000.0,76400000.0,11300000.0,193900000.0,590100000.0,-102100000.0,-62900000.0
,,,,,,,,,,,,,,,,,,,,,,,,,,,,,,,,,,,,,,,,,,,,,,,,,,,,,,,,,,,,,,,,,,,,,,,,,,,,,,,,,,,,,,,,,,,,,,,,,,,,,
Other,,,,,,,,,,,,,,,,,,,,,,,,,,,,,,,,,,,,,,,,,,,,,,,,,,,,,,,,,,,,,,,,,,,,,,,,,,,,,,,,,,,,,,,,,,,,,,,,,,,,,
,effectOfForexChangesOnCash,-19000000.0,-119000000.0,150000000.0,-144000000.0,45000000.0,-319000000.0,28000000.0,-11000000.0,-6000000.0,8000000.0,36000000.0,-55000000.0,14000000.0,0.0,0.0,0.0,0.0,0.0,0.0,0.0,0.0,0.0,0.0,0.0,0.0,0.0
,,,,,,,,,,,,,,,,,,,,,,,,,,,,,,,,,,,,,,,,,,,,,,,,,,,,,,,,,,,,,,,,,,,,,,,,,,,,,,,,,,,,,,,,,,,,,,,,,,,,,
Cash&CashFlow,,,,,,,,,,,,,,,,,,,,,,,,,,,,,,,,,,,,,,,,,,,,,,,,,,,,,,,,,,,,,,,,,,,,,,,,,,,,,,,,,,,,,,,,,,,,,,,,,,,,,
,netChangeInCash,1042000000.0,309000000.0,-111000000.0,-1265000000.0,-1293000000.0,1148000000.0,1737000000.0,-693000000.0,-463000000.0,-119000000.0,1622000000.0,747000000.0,-592000000.0,-185000000.0,342000000.0,1092000000.0,186000000.0,-35800000.0,124200000.0,-115200000.0,315200000.0,-325500000.0,-89100000.0,-136000000.0,-103600000.0,0.0
,cashAtEndOfPeriod,4023000000.0,2981000000.0,2672000000.0,2783000000.0,4048000000.0,5341000000.0,4193000000.0,2456000000.0,3149000000.0,3612000000.0,3731000000.0,2109000000.0,1362000000.0,1954000000.0,2142000000.0,1800000000.0,708000000.0,522000000.0,557900000.0,433700000.0,548900000.0,240800000.0,35700000.0,124800000.0,281800000.0,0.0
,cashAtBeginningOfPeriod,2981000000.0,2672000000.0,2783000000.0,4048000000.0,5341000000.0,4193000000.0,2456000000.0,3149000000.0,3612000000.0,3731000000.0,2109000000.0,1362000000.0,1954000000.0,2139000000.0,1800000000.0,708000000.0,522000000.0,557800000.0,433700000.0,548900000.0,233700000.0,566300000.0,124800000.0,260800000.0,385400000.0,89000000.0
,operatingCashFlow,4374000000.0,4036000000.0,4345000000.0,4744000000.0,3672000000.0,3112000000.0,3136000000.0,2483000000.0,2950000000.0,2338000000.0,2316000000.0,1351000000.0,869000000.0,1539000000.0,2744000000.0,1538400000.0,563400000.0,695500000.0,329300000.0,353100000.0,-416000000.0,317100000.0,2200000.0,238100000.0,2500000.0,195100000.0
,capitalExpenditure,-506000000.0,-557000000.0,-580000000.0,-562000000.0,-677000000.0,-545000000.0,-415000000.0,-406000000.0,-403000000.0,-388000000.0,-378000000.0,-392000000.0,-356000000.0,-306000000.0,-167000000.0,-139900000.0,-115000000.0,-116000000.0,-131800000.0,-158900000.0,-145100000.0,-553400000.0,-232400000.0,-1286400000.0,-110800000.0,-82300000.0
,freeCashFlow,3868000000.0,3479000000.0,3765000000.0,4182000000.0,2995000000.0,2567000000.0,2721000000.0,2077000000.0,2547000000.0,1950000000.0,1938000000.0,959000000.0,513000000.0,1233000000.0,2577000000.0,1398500000.0,448400000.0,579500000.0,197500000.0,194200000.0,-561100000.0,-236300000.0,-230200000.0,-1048300000.0,-108300000.0,112800000.0
