date,,2020-12-31_FY,2019-12-31_FY,2018-12-31_FY,2017-12-31_FY,2016-12-31_FY,2015-12-31_FY,2014-12-31_FY,2013-12-31_FY,2012-12-31_FY,2011-12-31_FY,2010-12-31_FY,2009-12-31_FY,2008-12-31_FY,2007-12-31_FY,2006-12-31_FY,2005-12-31_FY,2004-12-31_FY,2003-12-31_FY,2002-12-31_FY,2001-12-31_FY,2000-12-31_FY,1999-12-31_FY,1998-12-31_FY,1997-12-31_FY,1996-12-31_FY,1995-12-31_FY,1994-12-31_FY
,,,,,,,,,,,,,,,,,,,,,,,,,,,,,,,,,,,,,,,,,,,,,,,,,,,,,,,,,,,,,,,,,,,,,,,,,,,,,,,,,,,,,,,,,,,,,,,,,,,,,
CashProvidedByOperatingActivites,,,,,,,,,,,,,,,,,,,,,,,,,,,,,,,,,,,,,,,,,,,,,,,,,,,,,,,,,,,,,,,,,,,,,,,,,,,,,,,,,,,,,,,,,,,,,,,,,,,,,
,netIncome,-1148777000.0,1149732000.0,411094000.0,-311789000.0,-275970000.0,-2270833000.0,905611000.0,1123473000.0,970876000.0,872702000.0,798081000.0,837621000.0,1739986000.0,766529000.0,638279000.0,846452000.0,701315000.0,294197000.0,111508000.0,330903000.0,296828000.0,119700000.0,-14400000.0,132400000.0,137900000.0,-118600000.0,106600000.0
,depreciationAndAmortization,0.0,0.0,0.0,0.0,0.0,0.0,0.0,0.0,0.0,0.0,1164782000.0,1028371000.0,852348000.0,545159000.0,406529000.0,419694000.0,337861000.0,355685000.0,324656000.0,255496000.0,227615000.0,215400000.0,213200000.0,219900000.0,182400000.0,236600000.0,218200000.0
,deferredIncomeTax,-278042000.0,28530000.0,-183680000.0,260420000.0,-387843000.0,-978030000.0,-170915000.0,158108000.0,316587000.0,171565000.0,143388000.0,97213000.0,289527000.0,37116000.0,48911000.0,40755000.0,106159000.0,4047000.0,5871000.0,86191000.0,63431000.0,38000000.0,1300000.0,26000000.0,-34400000.0,-47200000.0,21300000.0
,stockBasedCompensation,0.0,0.0,0.0,0.0,0.0,0.0,0.0,0.0,0.0,0.0,0.0,0.0,0.0,0.0,0.0,0.0,0.0,0.0,0.0,0.0,0.0,0.0,0.0,0.0,0.0,0.0,0.0
,changeInWorkingCapital,-32027000.0,-2218000.0,-503640000.0,480645000.0,282964000.0,-357475000.0,-153350000.0,-414890000.0,76759000.0,2960000.0,-574304000.0,235269000.0,181288000.0,-18456000.0,244048000.0,127566000.0,195843000.0,92261000.0,97664000.0,-33106000.0,-33790000.0,48900000.0,8200000.0,-7800000.0,-48300000.0,24900000.0,-16200000.0
,accountsReceivables,0.0,-232037000.0,-89070000.0,114401000.0,119671000.0,297625000.0,175820000.0,224281000.0,-309322000.0,-43630000.0,0.0,-402481000.0,0.0,0.0,0.0,0.0,0.0,0.0,0.0,0.0,0.0,0.0,0.0,0.0,0.0,0.0,0.0
,inventory,0.0,10258000.0,12216000.0,26883000.0,-5171000.0,-15340000.0,25697000.0,14166000.0,-157657000.0,-59413000.0,0.0,-114569000.0,22474000.0,-107945000.0,-96122000.0,0.0,0.0,0.0,0.0,-8393000.0,-12197000.0,-21900000.0,28600000.0,-27100000.0,22600000.0,-23400000.0,-400000.0
,accountsPayables,0.0,196773000.0,-51769000.0,-51439000.0,-328078000.0,-36887000.0,-54785000.0,-176543000.0,269634000.0,0.0,0.0,0.0,0.0,0.0,0.0,0.0,0.0,0.0,0.0,0.0,0.0,0.0,0.0,0.0,0.0,0.0,0.0
,otherWorkingCapital,0.0,31538000.0,33756000.0,537396000.0,56751000.0,-226213000.0,131262000.0,284612000.0,699502000.0,622743000.0,619783000.0,1194087000.0,958818000.0,777530000.0,795986000.0,551938000.0,424372000.0,228529000.0,136268000.0,38604000.0,71710000.0,105500000.0,56600000.0,48400000.0,56200000.0,104500000.0,79600000.0
,otherNonCashItems,105238000.0,107668000.0,158029000.0,213492000.0,149970000.0,415986000.0,371307000.0,314589000.0,454969000.0,331918000.0,236489000.0,90001000.0,144703000.0,43913000.0,38614000.0,12666000.0,113746000.0,2572000.0,-4481000.0,4730000.0,0.0,-13800000.0,-4500000.0,-5500000.0,4700000.0,263500000.0,31000000.0
,netCashProvidedByOperatingActivites,802708000.0,1562888000.0,1219396000.0,1140580000.0,600795000.0,1168364000.0,3009076000.0,3638487000.0,3056281000.0,2145385000.0,3128558000.0,1864633000.0,3039912000.0,1740420000.0,962702000.0,1225262000.0,1097018000.0,652278000.0,532844000.0,635704000.0,747751000.0,368900000.0,321100000.0,401800000.0,474300000.0,322900000.0,337300000.0
,,,,,,,,,,,,,,,,,,,,,,,,,,,,,,,,,,,,,,,,,,,,,,,,,,,,,,,,,,,,,,,,,,,,,,,,,,,,,,,,,,,,,,,,,,,,,,,,,,,,,
CashProvidedByInvestingActivites,,,,,,,,,,,,,,,,,,,,,,,,,,,,,,,,,,,,,,,,,,,,,,,,,,,,,,,,,,,,,,,,,,,,,,,,,,,,,,,,,,,,,,,,,,,,,,,,,,,,,
,investmentsInPropertyPlantAndEquipment,-872770000.0,-2556586000.0,-1897428000.0,-1009667000.0,-926948000.0,-2549736000.0,-3679464000.0,-3590344000.0,-3674621000.0,-2623407000.0,-2415311000.0,-2008851000.0,-2243564000.0,-1949219000.0,-1191670000.0,-1246242000.0,-938449000.0,-937776000.0,-834056000.0,-813500000.0,-512331000.0,-386600000.0,-388800000.0,-468000000.0,-418100000.0,-296300000.0,-413600000.0
,acquisitionsNet,0.0,0.0,0.0,0.0,0.0,0.0,0.0,0.0,0.0,0.0,-40000000.0,69000000.0,0.0,-348000000.0,0.0,0.0,0.0,0.0,0.0,0.0,0.0,0.0,0.0,0.0,0.0,0.0,0.0
,purchasesOfInvestments,0.0,0.0,0.0,-212661000.0,-695879000.0,-911787000.0,-986328000.0,-923497000.0,-1619308000.0,-1689087000.0,-2388720000.0,-2531515000.0,-1043473000.0,0.0,0.0,0.0,-17892000.0,0.0,0.0,0.0,0.0,0.0,0.0,0.0,0.0,0.0,0.0
,salesMaturitiesOfInvestments,0.0,0.0,0.0,320828000.0,761000000.0,1129139000.0,899857000.0,664258000.0,2035798000.0,1773552000.0,2551187000.0,2172830000.0,623133000.0,0.0,0.0,17892000.0,0.0,0.0,0.0,0.0,0.0,0.0,0.0,0.0,0.0,0.0,0.0
,otherInvestingActivites,0.0,0.0,0.0,0.0,-7230000.0,-13648000.0,-18929000.0,291000.0,-1704000.0,896812000.0,-38157000.0,-44050000.0,-21256000.0,-10638000.0,-10839000.0,-9943000.0,-840000.0,1309000.0,4554000.0,-1410000.0,391000.0,-3600000.0,-1800000.0,600000.0,-18500000.0,-10400000.0,-1300000.0
,netCashUsedForInvestingActivites,-859020000.0,-2536204000.0,-1896045000.0,-831994000.0,286087000.0,-1922121000.0,-2317818000.0,-3847642000.0,-3259266000.0,-1614354000.0,-2328812000.0,-2409970000.0,-2323199000.0,-2286513000.0,-1178666000.0,-1065640000.0,-896777000.0,-747847000.0,-761446000.0,-641938000.0,-618711000.0,-349300000.0,-381100000.0,-423600000.0,-381100000.0,-298300000.0,-409400000.0
,,,,,,,,,,,,,,,,,,,,,,,,,,,,,,,,,,,,,,,,,,,,,,,,,,,,,,,,,,,,,,,,,,,,,,,,,,,,,,,,,,,,,,,,,,,,,,,,,,,,,
CashProvidedByFinancingingActivites,,,,,,,,,,,,,,,,,,,,,,,,,,,,,,,,,,,,,,,,,,,,,,,,,,,,,,,,,,,,,,,,,,,,,,,,,,,,,,,,,,,,,,,,,,,,,,,,,,,,,
,debtRepayment,-262920000.0,-2572020000.0,-9750000.0,-567133000.0,-610447000.0,-460434000.0,-25265000.0,0.0,-350000000.0,-340041000.0,-414038000.0,-2572000.0,0.0,0.0,0.0,0.0,0.0,0.0,0.0,0.0,0.0,0.0,0.0,0.0,0.0,0.0,0.0
,commonStockIssued,0.0,0.0,0.0,0.0,0.0,0.0,0.0,0.0,0.0,0.0,0.0,12746000.0,29687000.0,41624000.0,24864000.0,26513000.0,3156000.0,3598000.0,25131000.0,18864000.0,0.0,0.0,600000.0,200000.0,0.0,0.0,0.0
,commonStockRepurchased,0.0,-499924000.0,0.0,0.0,0.0,-250000000.0,-375000000.0,-500000000.0,-250000000.0,0.0,0.0,0.0,0.0,0.0,0.0,0.0,0.0,0.0,0.0,0.0,0.0,0.0,0.0,0.0,0.0,0.0,0.0
,dividendsPaid,-95989000.0,-163669000.0,-173044000.0,-172565000.0,-206635000.0,-244998000.0,-236371000.0,-235108000.0,-714429000.0,-212752000.0,-201405000.0,-190788000.0,-166501000.0,-127353000.0,-98162000.0,-83198000.0,-78205000.0,-73464000.0,-70898000.0,-67826000.0,-65294000.0,-63000000.0,-62900000.0,-60600000.0,-58300000.0,-58300000.0,-58200000.0
,otherFinancingActivites,-51380000.0,-161775000.0,-14442000.0,-7116000.0,-15243000.0,-9129000.0,-8284000.0,273992000.0,-7653000.0,-11081000.0,6502000.0,1571000.0,20288000.0,30045000.0,11756000.0,-1053000.0,0.0,-1533000.0,-2778000.0,-3050000.0,-4125000.0,-1700000.0,0.0,0.0,0.0,0.0,100000.0
,netCashUsedProvidedByFinancingActivities,39711000.0,-1134908000.0,127764000.0,-205217000.0,-290881000.0,-364561000.0,-544710000.0,-107707000.0,685709000.0,-548323000.0,-565946000.0,67029000.0,-609373000.0,624782000.0,171435000.0,-108317000.0,-570026000.0,161533000.0,301270000.0,-41484000.0,-24880000.0,-12800000.0,64700000.0,-61600000.0,-46600000.0,-33700000.0,1800000.0
,,,,,,,,,,,,,,,,,,,,,,,,,,,,,,,,,,,,,,,,,,,,,,,,,,,,,,,,,,,,,,,,,,,,,,,,,,,,,,,,,,,,,,,,,,,,,,,,,,,,,
Other,,,,,,,,,,,,,,,,,,,,,,,,,,,,,,,,,,,,,,,,,,,,,,,,,,,,,,,,,,,,,,,,,,,,,,,,,,,,,,,,,,,,,,,,,,,,,,,,,,,,,
,effectOfForexChangesOnCash,2009000.0,3533000.0,-28730000.0,1327000.0,-6387000.0,10294000.0,-3726000.0,3238000.0,8875000.0,-4660000.0,881000.0,35279000.0,-114937000.0,51628000.0,2586000.0,-1497000.0,79642000.0,21504000.0,9637000.0,-2331000.0,-5591000.0,-900000.0,-700000.0,-2100000.0,2300000.0,200000.0,200000.0
,,,,,,,,,,,,,,,,,,,,,,,,,,,,,,,,,,,,,,,,,,,,,,,,,,,,,,,,,,,,,,,,,,,,,,,,,,,,,,,,,,,,,,,,,,,,,,,,,,,,,
Cash&CashFlow,,,,,,,,,,,,,,,,,,,,,,,,,,,,,,,,,,,,,,,,,,,,,,,,,,,,,,,,,,,,,,,,,,,,,,,,,,,,,,,,,,,,,,,,,,,,,,,,,,,,,
,netChangeInCash,3846000.0,29494000.0,-577615000.0,92191000.0,589614000.0,-910125000.0,443153000.0,-197161000.0,433443000.0,-21952000.0,234681000.0,-364966000.0,-7597000.0,130317000.0,-41943000.0,49808000.0,283100000.0,87468000.0,82305000.0,-50049000.0,98569000.0,5800000.0,0.0,-85400000.0,48800000.0,-8900000.0,-70100000.0
,cashAtEndOfPeriod,310606000.0,306760000.0,387373000.0,964988000.0,872797000.0,283183000.0,1193308000.0,750155000.0,947316000.0,513873000.0,535825000.0,301144000.0,666110000.0,673707000.0,543390000.0,585333000.0,535525000.0,252425000.0,164957000.0,82652000.0,132701000.0,34100000.0,0.0,24300000.0,109700000.0,62200000.0,71100000.0
,cashAtBeginningOfPeriod,306760000.0,359923000.0,964988000.0,872797000.0,283183000.0,1193308000.0,750155000.0,947316000.0,513873000.0,535825000.0,301144000.0,666110000.0,673707000.0,543390000.0,585333000.0,535525000.0,252425000.0,164957000.0,82652000.0,132701000.0,34132000.0,28300000.0,24300000.0,109700000.0,60900000.0,71100000.0,141200000.0
,operatingCashFlow,802708000.0,1562888000.0,1219396000.0,1140580000.0,600795000.0,1168364000.0,3009076000.0,3638487000.0,3056281000.0,2145385000.0,3128558000.0,1864633000.0,3039912000.0,1740420000.0,962702000.0,1225262000.0,1097018000.0,652278000.0,532844000.0,635704000.0,747751000.0,368900000.0,321100000.0,401800000.0,474300000.0,322900000.0,337300000.0
,capitalExpenditure,-872770000.0,-2556586000.0,-1897428000.0,-1009667000.0,-926948000.0,-2549736000.0,-3679464000.0,-3590344000.0,-3674621000.0,-2623407000.0,-2415311000.0,-2008851000.0,-2243564000.0,-1949219000.0,-1191670000.0,-1246242000.0,-938449000.0,-937776000.0,-834056000.0,-813500000.0,-512331000.0,-386600000.0,-388800000.0,-468000000.0,-418100000.0,-296300000.0,-413600000.0
,freeCashFlow,-70062000.0,-993698000.0,-678032000.0,130913000.0,-326153000.0,-1381372000.0,-670388000.0,48143000.0,-618340000.0,-478022000.0,713247000.0,-144218000.0,796348000.0,-208799000.0,-228968000.0,-20980000.0,158569000.0,-285498000.0,-301212000.0,-177796000.0,235420000.0,-17700000.0,-67700000.0,-66200000.0,56200000.0,26600000.0,-76300000.0
