Date,2018-12-31,2018-12-30,2017-12-31,2016-12-31,2015-12-31,2014-12-31,2013-12-31,2012-12-31,2011-12-31,2010-12-31
Revenue,1572000000.0,2987000000.0,5574000000.0,1782000000.0,2095000000.0,2542000000.0,2927000000.0,3214000000.0,2372000000.0,1963000000.0
Revenue Growth,-0.718,,2.1279,-0.1494,-0.1758,-0.1315,-0.0893,0.355,0.2084,-0.3428
Cost of Revenue,0.0,,0.0,0.0,0.0,0.0,0.0,0.0,0.0,0.0
Gross Profit,1572000000.0,,1782000000.0,2095000000.0,2542000000.0,2927000000.0,3214000000.0,2372000000.0,1963000000.0,2987000000.0
R&D Expenses,0.0,,0.0,0.0,0.0,0.0,0.0,0.0,0.0,0.0
SG&A Expense,507000000.0,,519000000.0,500000000.0,467000000.0,479000000.0,504000000.0,457000000.0,493000000.0,535000000.0
Operating Expenses,1044000000.0,,1018000000.0,987000000.0,962000000.0,1109000000.0,1127000000.0,935000000.0,1038000000.0,1758000000.0
Operating Income,528000000.0,1229000000.0,552000000.0,764000000.0,1108000000.0,1580000000.0,1818000000.0,2087000000.0,1437000000.0,925000000.0
Interest Expense,0.0,,0.0,0.0,0.0,0.0,0.0,0.0,0.0,0.0
Earnings before Tax,528000000.0,1030000000.0,528000000.0,764000000.0,1108000000.0,1581000000.0,1818000000.0,2194000000.0,1437000000.0,961000000.0
Income Tax Expense,133000000.0,500000000.0,192000000.0,472000000.0,427000000.0,597000000.0,681000000.0,776000000.0,498000000.0,328000000.0
Net Income - Non-Controlling int,0.0,,0.0,0.0,0.0,0.0,-1000000.0,-2000000.0,-1000000.0,0.0
Net Income - Discontinued ops,0.0,,0.0,0.0,-1000000.0,0.0,-106000000.0,2000000.0,-35000000.0,199000000.0
Net Income,395000000.0,,292000000.0,681000000.0,984000000.0,1137000000.0,1418000000.0,939000000.0,633000000.0,530000000.0
Preferred Dividends,0.0,,0.0,0.0,0.0,6000000.0,20000000.0,20000000.0,18000000.0,72000000.0
Net Income Com,395000000.0,,292000000.0,681000000.0,984000000.0,1131000000.0,1398000000.0,919000000.0,615000000.0,458000000.0
EPS,1.52,0.94,1.29,1.06,2.15,2.62,2.71,3.18,1.93,1.19
EPS Diluted,1.49,0.94,1.27,1.04,2.12,2.58,2.66,3.12,1.9,1.18
Weighted Average Shs Out,257966088.0,,247000000.0,263012203.0,303098470.0,362308654.0,410219225.0,422739239.0,,
Weighted Average Shs Out (Dil),260000000.0,,275000000.0,316000000.0,376000000.0,417000000.0,440000000.0,476000000.0,517000000.0,487000000.0
Dividend per Share,0.64,,0.64,0.64,0.64,0.45,0.0,0.0,0.0,0.0
Gross Margin,1.0,,1.0,1.0,1.0,1.0,1.0,1.0,1.0,1.0
EBITDA Margin,0.336,,0.429,0.529,0.622,0.621,0.683,0.606,0.49,0.345
EBIT Margin,0.3359,,0.4287,0.5289,0.622,0.6211,0.6826,0.6058,0.4896,0.3448
Profit Margin,0.251,,0.164,0.325,0.387,0.386,0.435,0.387,0.313,0.153
Free Cash Flow margin,0.7252,,0.6498,0.643,0.7514,0.5685,0.6223,1.1113,1.5695,-2.2404
EBITDA,528000000.0,,764000000.0,1108000000.0,1581000000.0,1818000000.0,2194000000.0,1437000000.0,961000000.0,1030000000.0
EBIT,528000000.0,,764000000.0,1108000000.0,1581000000.0,1818000000.0,2194000000.0,1437000000.0,961000000.0,1030000000.0
Consolidated Income,395000000.0,,292000000.0,681000000.0,984000000.0,1137000000.0,1417000000.0,937000000.0,632000000.0,530000000.0
Earnings Before Tax Margin,0.3359,0.3448,0.0947,0.4287,0.5289,0.622,0.6211,0.6826,0.6058,0.4896
Net Profit Margin,0.2513,,0.1639,0.3251,0.3871,0.3885,0.4412,0.3959,0.3225,0.1774
