date,,2020-12-31_FY,2019-12-31_FY,2018-12-31_FY,2017-12-31_FY,2016-12-31_FY,2015-12-31_FY,2014-12-31_FY,2013-12-31_FY,2012-12-31_FY,2011-12-31_FY,2010-12-31_FY,2009-12-31_FY,2008-12-31_FY,2007-12-31_FY,2006-12-31_FY,2005-12-31_FY,2004-12-31_FY,2003-12-31_FY,2002-12-31_FY,2001-12-31_FY,2000-12-31_FY,1999-12-31_FY,1996-12-31_FY,1995-12-31_FY
,,,,,,,,,,,,,,,,,,,,,,,,,,,,,,,,,,,,,,,,,,,,,,,,,,,,,,,,,,,,,,,,,,,,,,,,,,,,,,,,,,,,,,,,,,,,,,,,,,,,,
CashProvidedByOperatingActivites,,,,,,,,,,,,,,,,,,,,,,,,,,,,,,,,,,,,,,,,,,,,,,,,,,,,,,,,,,,,,,,,,,,,,,,,,,,,,,,,,,,,,,,,,,,,,,,,,,,,,
,netIncome,196673000.0,185904000.0,159338000.0,143291000.0,116920000.0,258831000.0,103075000.0,55275000.0,67894000.0,57263000.0,48707000.0,42756000.0,39107000.0,37380000.0,22401000.0,36569000.0,24555000.0,7091000.0,-33982000.0,-46795000.0,-5319000.0,15109000.0,5200000.0,300000.0
,depreciationAndAmortization,182026000.0,173230000.0,157142000.0,156301000.0,77801000.0,57964000.0,73349000.0,91355000.0,95477000.0,66958000.0,57110000.0,47217000.0,42740000.0,30931000.0,22197000.0,13964000.0,14998000.0,19088000.0,11508000.0,15289000.0,11853000.0,7005000.0,1100000.0,700000.0
,deferredIncomeTax,-33241000.0,-12208000.0,-30172000.0,-70805000.0,-25905000.0,10576000.0,-27785000.0,-17275000.0,-24168000.0,-8775000.0,-4862000.0,-6984000.0,-5554000.0,-5231000.0,-3707000.0,-4841000.0,0.0,0.0,0.0,0.0,0.0,0.0,0.0,-200000.0
,stockBasedCompensation,101667000.0,80864000.0,67223000.0,56980000.0,40547000.0,28451000.0,29814000.0,26307000.0,23612000.0,21159000.0,21054000.0,18237000.0,25321000.0,0.0,0.0,0.0,0.0,0.0,0.0,0.0,0.0,0.0,0.0,0.0
,changeInWorkingCapital,22349000.0,-59772000.0,33878000.0,95557000.0,9628000.0,40131000.0,2723000.0,-33893000.0,-25193000.0,15161000.0,24877000.0,20130000.0,26800000.0,31683000.0,26213000.0,18269000.0,7921000.0,12045000.0,-15889000.0,28677000.0,-15942000.0,-7945000.0,-8000000.0,-2600000.0
,accountsReceivables,22245000.0,-29863000.0,-72583000.0,37735000.0,-31784000.0,-56363000.0,4807000.0,-34569000.0,-11863000.0,-20621000.0,6344000.0,8898000.0,-232000.0,0.0,0.0,0.0,0.0,0.0,0.0,0.0,0.0,0.0,0.0,0.0
,inventory,0.0,0.0,0.0,0.0,0.0,4108000.0,-327000.0,472000.0,500000.0,-2048000.0,3546000.0,-531000.0,300000.0,7579000.0,5376000.0,-3930000.0,-122000.0,1515000.0,-10006000.0,9635000.0,-10006000.0,-335000.0,-1300000.0,-1200000.0
,accountsPayables,4094000.0,777000.0,-3526000.0,2665000.0,4392000.0,2166000.0,-13781000.0,5057000.0,295000.0,0.0,-7136000.0,1536000.0,189000.0,0.0,0.0,0.0,0.0,0.0,0.0,0.0,0.0,0.0,0.0,0.0
,otherWorkingCapital,81369000.0,32603000.0,91744000.0,36455000.0,16908000.0,54914000.0,3424000.0,-4551000.0,-126000.0,127000.0,410000.0,453000.0,-359000.0,0.0,80000.0,0.0,0.0,0.0,0.0,0.0,0.0,0.0,0.0,0.0
,otherNonCashItems,11792000.0,6193000.0,9798000.0,12692000.0,1020000.0,373000.0,-338000.0,-556000.0,-332000.0,57796000.0,-1015000.0,-1534000.0,1506000.0,23063000.0,7589000.0,54000.0,-7000.0,-5000.0,-53000.0,0.0,0.0,-127000.0,100000.0,0.0
,netCashProvidedByOperatingActivites,480306000.0,374158000.0,396609000.0,394662000.0,220344000.0,244733000.0,182269000.0,124275000.0,135639000.0,154374000.0,145020000.0,119686000.0,135710000.0,118244000.0,87575000.0,65703000.0,45018000.0,38176000.0,-2068000.0,843000.0,-2068000.0,19626000.0,-2200000.0,-2200000.0
,,,,,,,,,,,,,,,,,,,,,,,,,,,,,,,,,,,,,,,,,,,,,,,,,,,,,,,,,,,,,,,,,,,,,,,,,,,,,,,,,,,,,,,,,,,,,,,,,,,,,
CashProvidedByInvestingActivites,,,,,,,,,,,,,,,,,,,,,,,,,,,,,,,,,,,,,,,,,,,,,,,,,,,,,,,,,,,,,,,,,,,,,,,,,,,,,,,,,,,,,,,,,,,,,,,,,,,,,
,investmentsInPropertyPlantAndEquipment,-24186000.0,-27293000.0,-31442000.0,-39889000.0,-27278000.0,-16596000.0,-16759000.0,-20289000.0,-28690000.0,-17307000.0,-11704000.0,-8851000.0,-15454000.0,-11909000.0,-9336000.0,-6128000.0,-6701000.0,-5492000.0,-14161000.0,-7648000.0,-14161000.0,-10062000.0,-2600000.0,-1900000.0
,acquisitionsNet,0.0,-26000000.0,-105000000.0,-76000000.0,-1165000000.0,186000000.0,0.0,-24000000.0,-165000000.0,-143000000.0,-52000000.0,-85000000.0,-22000000.0,-217000000.0,-238000000.0,3000000.0,0.0,0.0,0.0,0.0,0.0,0.0,0.0,0.0
,purchasesOfInvestments,-583115000.0,-619060000.0,-429500000.0,-133423000.0,-48721000.0,-287593000.0,-143688000.0,-206385000.0,-167904000.0,-202768000.0,-387988000.0,-307520000.0,-295505000.0,-247721000.0,-217772000.0,-218511000.0,-122321000.0,-72209000.0,-45138000.0,-48985000.0,-76166000.0,-88990000.0,-35200000.0,-8700000.0
,salesMaturitiesOfInvestments,328593000.0,362713000.0,137180000.0,64295000.0,449880000.0,92542000.0,153141000.0,218417000.0,195755000.0,376962000.0,176597000.0,332263000.0,216610000.0,201184000.0,145209000.0,200420000.0,59204000.0,42662000.0,38525000.0,64425000.0,87979000.0,86802000.0,26300000.0,17100000.0
,otherInvestingActivites,-186359000.0,-34651000.0,-32001000.0,-27963000.0,249000.0,-188880000.0,-1777000.0,-1166000.0,1476000.0,-4443000.0,-1565000.0,-2171000.0,-4470000.0,-540000.0,1461000.0,-43078000.0,-2527000.0,-4751000.0,2661000.0,-3879000.0,-15765000.0,-22845000.0,-5300000.0,-800000.0
,netCashUsedForInvestingActivites,-465067000.0,-344291000.0,-460763000.0,-212980000.0,-790870000.0,-214527000.0,-9083000.0,-33423000.0,-164363000.0,9444000.0,-276660000.0,-71279000.0,-120819000.0,-275986000.0,-318438000.0,-64297000.0,-72345000.0,-39790000.0,-18113000.0,3913000.0,-18113000.0,-35095000.0,-16800000.0,5700000.0
,,,,,,,,,,,,,,,,,,,,,,,,,,,,,,,,,,,,,,,,,,,,,,,,,,,,,,,,,,,,,,,,,,,,,,,,,,,,,,,,,,,,,,,,,,,,,,,,,,,,,
CashProvidedByFinancingingActivites,,,,,,,,,,,,,,,,,,,,,,,,,,,,,,,,,,,,,,,,,,,,,,,,,,,,,,,,,,,,,,,,,,,,,,,,,,,,,,,,,,,,,,,,,,,,,,,,,,,,,
,debtRepayment,-215177000.0,-816000.0,-9312000.0,-260137000.0,-1087000.0,0.0,0.0,0.0,0.0,0.0,0.0,0.0,0.0,0.0,0.0,0.0,0.0,0.0,0.0,0.0,0.0,0.0,0.0,0.0
,commonStockIssued,0.0,0.0,0.0,0.0,0.0,0.0,0.0,0.0,0.0,26751000.0,25984000.0,0.0,0.0,201207000.0,38987000.0,226983000.0,19867000.0,12086000.0,14991000.0,1860000.0,14991000.0,10600000.0,20200000.0,0.0
,commonStockRepurchased,-48272000.0,-47276000.0,-26004000.0,-24428000.0,-43630000.0,-68384000.0,-94267000.0,-79447000.0,-107038000.0,-95886000.0,0.0,0.0,0.0,0.0,0.0,0.0,0.0,0.0,0.0,0.0,0.0,0.0,0.0,0.0
,dividendsPaid,0.0,0.0,0.0,-9637000.0,-38202000.0,-38239000.0,-38142000.0,-29010000.0,0.0,0.0,0.0,0.0,0.0,0.0,0.0,0.0,0.0,0.0,0.0,0.0,0.0,0.0,0.0,-4100000.0
,otherFinancingActivites,460286000.0,5428000.0,19048000.0,279375000.0,496234000.0,34830000.0,30731000.0,39553000.0,30484000.0,372000.0,-18000.0,20917000.0,15920000.0,4945000.0,4675000.0,0.0,0.0,-24000.0,-3000.0,0.0,-3000.0,-303000.0,0.0,-100000.0
,netCashUsedProvidedByFinancingActivities,196837000.0,-42664000.0,-16268000.0,-14827000.0,413315000.0,-71793000.0,-101678000.0,-68904000.0,-76554000.0,-68763000.0,25966000.0,20917000.0,15920000.0,206152000.0,43662000.0,226983000.0,19867000.0,12062000.0,14988000.0,1860000.0,14988000.0,10297000.0,20200000.0,-4200000.0
,,,,,,,,,,,,,,,,,,,,,,,,,,,,,,,,,,,,,,,,,,,,,,,,,,,,,,,,,,,,,,,,,,,,,,,,,,,,,,,,,,,,,,,,,,,,,,,,,,,,,
Other,,,,,,,,,,,,,,,,,,,,,,,,,,,,,,,,,,,,,,,,,,,,,,,,,,,,,,,,,,,,,,,,,,,,,,,,,,,,,,,,,,,,,,,,,,,,,,,,,,,,,
,effectOfForexChangesOnCash,1868000.0,-979000.0,-5781000.0,4421000.0,-2546000.0,-6113000.0,-3556000.0,-999000.0,-563000.0,-144000.0,389000.0,1111000.0,-3054000.0,844000.0,-390000.0,-12000.0,44000.0,182000.0,0.0,0.0,0.0,0.0,0.0,0.0
,,,,,,,,,,,,,,,,,,,,,,,,,,,,,,,,,,,,,,,,,,,,,,,,,,,,,,,,,,,,,,,,,,,,,,,,,,,,,,,,,,,,,,,,,,,,,,,,,,,,,
Cash&CashFlow,,,,,,,,,,,,,,,,,,,,,,,,,,,,,,,,,,,,,,,,,,,,,,,,,,,,,,,,,,,,,,,,,,,,,,,,,,,,,,,,,,,,,,,,,,,,,,,,,,,,,
,netChangeInCash,213944000.0,-13776000.0,-86203000.0,171276000.0,-168905000.0,138434000.0,67952000.0,20949000.0,-105841000.0,94911000.0,-105285000.0,70435000.0,27757000.0,49254000.0,-187591000.0,228377000.0,-3280000.0,10578000.0,-5193000.0,6616000.0,-5193000.0,-5172000.0,0.0,0.0
,cashAtEndOfPeriod,442267000.0,228323000.0,242099000.0,328302000.0,157026000.0,325931000.0,187497000.0,119545000.0,98596000.0,204437000.0,109526000.0,214811000.0,144376000.0,116619000.0,67365000.0,254956000.0,26579000.0,29859000.0,18640000.0,25256000.0,18640000.0,23833000.0,0.0,0.0
,cashAtBeginningOfPeriod,228323000.0,242099000.0,328302000.0,157026000.0,325931000.0,187497000.0,119545000.0,98596000.0,204437000.0,109526000.0,214811000.0,144376000.0,116619000.0,67365000.0,254956000.0,26579000.0,29859000.0,19281000.0,23833000.0,18640000.0,23833000.0,29005000.0,4100000.0,4800000.0
,operatingCashFlow,480306000.0,374158000.0,396609000.0,394662000.0,220344000.0,244733000.0,182269000.0,124275000.0,135639000.0,154374000.0,145020000.0,119686000.0,135710000.0,118244000.0,87575000.0,65703000.0,45018000.0,38176000.0,-2068000.0,843000.0,-2068000.0,19626000.0,-2200000.0,-2200000.0
,capitalExpenditure,-63284000.0,-61972000.0,-63667000.0,-67825000.0,-35780000.0,-17976000.0,-17667000.0,-21327000.0,-29800000.0,-21457000.0,-13015000.0,-11166000.0,-20265000.0,-11909000.0,-9336000.0,-6128000.0,-6701000.0,-5492000.0,-14161000.0,-7648000.0,-14161000.0,-10062000.0,-2600000.0,-1900000.0
,freeCashFlow,417022000.0,312186000.0,332942000.0,326837000.0,184564000.0,226757000.0,164602000.0,102948000.0,105839000.0,132917000.0,132005000.0,108520000.0,115445000.0,106335000.0,78239000.0,59575000.0,38317000.0,32684000.0,-16229000.0,-6805000.0,-16229000.0,9564000.0,-4800000.0,-4100000.0
