date,,2020-12-31_FY,2019-12-31_FY,2018-12-31_FY,2017-12-31_FY,2016-12-31_FY,2015-12-31_FY,2014-12-31_FY,2013-12-31_FY,2012-12-31_FY,2011-12-31_FY,2010-12-31_FY,2009-12-31_FY,2008-12-31_FY,2007-12-31_FY
,,,,,,,,,,,,,,,,,,,,,,,,,,,,,,,,,,,,,,,,,,,,,,,,,,,,,,,,,,,,,,,,,,,,,,,,,,,,,,,,,,,,,,,,,,,,,,,,,,,,,
CashProvidedByOperatingActivites,,,,,,,,,,,,,,,,,,,,,,,,,,,,,,,,,,,,,,,,,,,,,,,,,,,,,,,,,,,,,,,,,,,,,,,,,,,,,,,,,,,,,,,,,,,,,,,,,,,,,
,netIncome,-4366000.0,-17076000.0,-43637000.0,-53333000.0,-205000.0,3668000.0,-19719000.0,-34339000.0,-17530000.0,-14754000.0,3191000.0,-6963000.0,-28054000.0,-41480000.0
,depreciationAndAmortization,32560000.0,32562000.0,31105000.0,28350000.0,22400000.0,22875000.0,23403000.0,20381000.0,18716000.0,12931000.0,12122000.0,13574000.0,13543000.0,12520000.0
,deferredIncomeTax,-928000.0,-287000.0,-328000.0,792000.0,-668000.0,-641000.0,1175000.0,-469000.0,221000.0,-452000.0,-32000.0,-62000.0,-1574000.0,30000.0
,stockBasedCompensation,12337000.0,12456000.0,14142000.0,8206000.0,17076000.0,7763000.0,6841000.0,5736000.0,4777000.0,3156000.0,1598000.0,981000.0,1128000.0,0.0
,changeInWorkingCapital,3889000.0,4847000.0,6053000.0,-13699000.0,-26743000.0,49081000.0,-22168000.0,-28076000.0,28175000.0,80070000.0,-38000.0,13584000.0,30583000.0,-11120000.0
,accountsReceivables,22567000.0,5838000.0,-7874000.0,13166000.0,2496000.0,2529000.0,-13269000.0,7234000.0,-1802000.0,-2750000.0,-682000.0,-5369000.0,-15340000.0,0.0
,inventory,-7411000.0,-2891000.0,7368000.0,-22347000.0,-1332000.0,-14899000.0,4990000.0,-10458000.0,-11828000.0,-8508000.0,-5958000.0,3257000.0,5589000.0,0.0
,accountsPayables,-14962000.0,-41000.0,-1411000.0,-10874000.0,23111000.0,-4692000.0,979000.0,7712000.0,-2992000.0,-452000.0,6648000.0,832000.0,-38000.0,0.0
,otherWorkingCapital,0.0,121669000.0,116822000.0,110769000.0,124468000.0,151211000.0,102130000.0,124298000.0,152374000.0,124199000.0,44129000.0,44167000.0,30583000.0,0.0
,otherNonCashItems,-2988000.0,2500000.0,0.0,0.0,17235000.0,8286000.0,7218000.0,359000.0,-750000.0,680000.0,1563000.0,1871000.0,588000.0,10660000.0
,netCashProvidedByOperatingActivites,54930000.0,34687000.0,19595000.0,-32767000.0,53836000.0,26138000.0,-451000.0,4511000.0,-8790000.0,-12510000.0,11141000.0,11762000.0,-15260000.0,-29390000.0
,,,,,,,,,,,,,,,,,,,,,,,,,,,,,,,,,,,,,,,,,,,,,,,,,,,,,,,,,,,,,,,,,,,,,,,,,,,,,,,,,,,,,,,,,,,,,,,,,,,,,
CashProvidedByInvestingActivites,,,,,,,,,,,,,,,,,,,,,,,,,,,,,,,,,,,,,,,,,,,,,,,,,,,,,,,,,,,,,,,,,,,,,,,,,,,,,,,,,,,,,,,,,,,,,,,,,,,,,
,investmentsInPropertyPlantAndEquipment,-13870000.0,-9532000.0,-14867000.0,-47409000.0,-51693000.0,-16837000.0,-11027000.0,-19566000.0,-12738000.0,-11677000.0,-15760000.0,-4595000.0,-11121000.0,-12940000.0
,acquisitionsNet,0.0,0.0,0.0,0.0,0.0,0.0,-2000000.0,-13000000.0,0.0,-39000000.0,0.0,0.0,0.0,0.0
,purchasesOfInvestments,-23531000.0,-157000.0,-2696000.0,-52062000.0,-84327000.0,-37130000.0,-9662000.0,-58860000.0,-155887000.0,-172972000.0,-8077000.0,0.0,0.0,0.0
,salesMaturitiesOfInvestments,3500000.0,0.0,5750000.0,60348000.0,86989000.0,22103000.0,19082000.0,104205000.0,145193000.0,139820000.0,0.0,0.0,4112000.0,0.0
,otherInvestingActivites,0.0,0.0,-1776000.0,1638000.0,-618000.0,10135000.0,-10847000.0,561000.0,608000.0,-48000.0,353000.0,-1770000.0,213000.0,0.0
,netCashUsedForInvestingActivites,-33368000.0,-7447000.0,-11781000.0,-15676000.0,-49470000.0,-21906000.0,-13945000.0,13304000.0,-20999000.0,-83863000.0,-24690000.0,-6037000.0,-6674000.0,-10980000.0
,,,,,,,,,,,,,,,,,,,,,,,,,,,,,,,,,,,,,,,,,,,,,,,,,,,,,,,,,,,,,,,,,,,,,,,,,,,,,,,,,,,,,,,,,,,,,,,,,,,,,
CashProvidedByFinancingingActivites,,,,,,,,,,,,,,,,,,,,,,,,,,,,,,,,,,,,,,,,,,,,,,,,,,,,,,,,,,,,,,,,,,,,,,,,,,,,,,,,,,,,,,,,,,,,,,,,,,,,,
,debtRepayment,-10237000.0,-22945000.0,-66772000.0,-80131000.0,-114126000.0,-119530000.0,-40513000.0,-46276000.0,-33601000.0,-42371000.0,-51619000.0,-50698000.0,-33827000.0,0.0
,commonStockIssued,0.0,0.0,0.0,0.0,0.0,45648000.0,0.0,0.0,39636000.0,87275000.0,0.0,0.0,0.0,0.0
,commonStockRepurchased,0.0,0.0,0.0,-117000.0,-164000.0,0.0,0.0,-565000.0,0.0,0.0,-1000.0,-37000.0,-98000.0,450000.0
,dividendsPaid,0.0,0.0,0.0,0.0,0.0,0.0,0.0,0.0,0.0,0.0,0.0,0.0,0.0,0.0
,otherFinancingActivites,-2186000.0,-779000.0,256000.0,-998000.0,-13000.0,-727000.0,-2382000.0,-565000.0,0.0,0.0,0.0,0.0,0.0,0.0
,netCashUsedProvidedByFinancingActivities,-8543000.0,-14878000.0,-19460000.0,43102000.0,3516000.0,29623000.0,3029000.0,2515000.0,34064000.0,102635000.0,-4862000.0,9010000.0,36648000.0,3810000.0
,,,,,,,,,,,,,,,,,,,,,,,,,,,,,,,,,,,,,,,,,,,,,,,,,,,,,,,,,,,,,,,,,,,,,,,,,,,,,,,,,,,,,,,,,,,,,,,,,,,,,
Other,,,,,,,,,,,,,,,,,,,,,,,,,,,,,,,,,,,,,,,,,,,,,,,,,,,,,,,,,,,,,,,,,,,,,,,,,,,,,,,,,,,,,,,,,,,,,,,,,,,,,
,effectOfForexChangesOnCash,1148000.0,-161000.0,-680000.0,1747000.0,-1470000.0,-802000.0,-2699000.0,-169000.0,180000.0,758000.0,456000.0,-56000.0,364000.0,-400000.0
,,,,,,,,,,,,,,,,,,,,,,,,,,,,,,,,,,,,,,,,,,,,,,,,,,,,,,,,,,,,,,,,,,,,,,,,,,,,,,,,,,,,,,,,,,,,,,,,,,,,,
Cash&CashFlow,,,,,,,,,,,,,,,,,,,,,,,,,,,,,,,,,,,,,,,,,,,,,,,,,,,,,,,,,,,,,,,,,,,,,,,,,,,,,,,,,,,,,,,,,,,,,,,,,,,,,
,netChangeInCash,14167000.0,12201000.0,-12326000.0,-3594000.0,6412000.0,33053000.0,-14066000.0,20161000.0,4455000.0,7020000.0,-17955000.0,14679000.0,15078000.0,-36970000.0
,cashAtEndOfPeriod,95606000.0,81439000.0,69238000.0,78906000.0,82500000.0,76088000.0,43035000.0,57101000.0,36940000.0,32485000.0,25465000.0,43420000.0,28741000.0,21215000.0
,cashAtBeginningOfPeriod,81439000.0,69238000.0,81564000.0,82500000.0,76088000.0,43035000.0,57101000.0,36940000.0,32485000.0,25465000.0,43420000.0,28741000.0,13663000.0,58185000.0
,operatingCashFlow,54930000.0,34687000.0,19595000.0,-32767000.0,53836000.0,26138000.0,-451000.0,4511000.0,-8790000.0,-12510000.0,11141000.0,11762000.0,-15260000.0,-29390000.0
,capitalExpenditure,-13870000.0,-9532000.0,-14867000.0,-47409000.0,-51693000.0,-16837000.0,-11027000.0,-19566000.0,-12738000.0,-11677000.0,-15760000.0,-4595000.0,-11121000.0,-12940000.0
,freeCashFlow,41060000.0,25155000.0,4728000.0,-80176000.0,2143000.0,9301000.0,-11478000.0,-15055000.0,-21528000.0,-24187000.0,-4619000.0,7167000.0,-26381000.0,-42330000.0
