date,,2020-12-31_FY,2019-12-31_FY,2018-12-31_FY,2017-12-31_FY,2016-12-31_FY,2015-12-31_FY,2014-12-31_FY,2013-12-31_FY,2012-12-31_FY,2011-12-31_FY,2010-12-31_FY,2009-12-31_FY,2008-12-31_FY,2007-12-31_FY,2006-12-31_FY,2005-12-31_FY,2004-12-31_FY,2003-12-31_FY,2002-12-31_FY,2001-12-31_FY,2000-12-31_FY,1999-12-31_FY,1998-12-31_FY,1997-12-31_FY,1996-12-31_FY,1995-12-31_FY,1994-12-31_FY,1993-12-31_FY,1992-12-31_FY,1991-12-31_FY,1990-12-31_FY,1989-12-31_FY,1988-12-31_FY,1986-12-31_FY,1985-12-31_FY
,,,,,,,,,,,,,,,,,,,,,,,,,,,,,,,,,,,,,,,,,,,,,,,,,,,,,,,,,,,,,,,,,,,,,,,,,,,,,,,,,,,,,,,,,,,,,,,,,,,,,
CashProvidedByOperatingActivites,,,,,,,,,,,,,,,,,,,,,,,,,,,,,,,,,,,,,,,,,,,,,,,,,,,,,,,,,,,,,,,,,,,,,,,,,,,,,,,,,,,,,,,,,,,,,,,,,,,,,
,netIncome,30004000.0,8675000.0,13489000.0,55978000.0,-293614000.0,283960000.0,-152273000.0,-638230000.0,-480114000.0,-192916000.0,-134243000.0,70170000.0,317665000.0,211310000.0,392660000.0,464829000.0,401236000.0,121309000.0,-17620000.0,101441000.0,90391000.0,14800000.0,-37900000.0,19000000.0,2500000.0,-8600000.0,-6200000.0,17900000.0,16100000.0,55100000.0,55900000.0,52000000.0,46400000.0,37300000.0,31000000.0
,depreciationAndAmortization,58513000.0,52499000.0,50512000.0,58673000.0,89563000.0,157813000.0,151758000.0,176276000.0,201284000.0,179721000.0,170670000.0,172404000.0,189163000.0,138196000.0,98826000.0,142414000.0,99538000.0,83122000.0,65166000.0,56137000.0,37873000.0,51200000.0,70800000.0,77900000.0,71000000.0,66100000.0,60000000.0,58700000.0,56500000.0,56200000.0,55600000.0,51100000.0,48900000.0,45900000.0,43300000.0
,deferredIncomeTax,6298000.0,-991000.0,-18794000.0,-59047000.0,-67394000.0,-69564000.0,-82432000.0,-7398000.0,-29751000.0,-4667000.0,-10176000.0,3698000.0,-26136000.0,-1081000.0,9702000.0,675000.0,0.0,11351000.0,2759000.0,25862000.0,0.0,0.0,-32500000.0,10600000.0,700000.0,-5300000.0,1900000.0,5300000.0,-2800000.0,12900000.0,14600000.0,10600000.0,0.0,0.0,0.0
,stockBasedCompensation,2333000.0,1662000.0,3785000.0,2388000.0,7441000.0,4412000.0,1009000.0,-131000.0,7910000.0,10069000.0,11940000.0,14214000.0,12674000.0,0.0,0.0,0.0,0.0,0.0,0.0,0.0,0.0,0.0,0.0,0.0,0.0,0.0,0.0,0.0,0.0,0.0,0.0,0.0,0.0,0.0,0.0
,changeInWorkingCapital,11087000.0,-158497000.0,-90302000.0,-36024000.0,-288858000.0,-128736000.0,158909000.0,123018000.0,114409000.0,-219046000.0,-213181000.0,150922000.0,-108101000.0,-26493000.0,365265000.0,-192194000.0,401659000.0,-33925000.0,16050000.0,-27117000.0,12407000.0,33000000.0,-56600000.0,-2900000.0,-49700000.0,62500000.0,-10000000.0,-1700000.0,9800000.0,-1600000.0,12700000.0,-19300000.0,200000.0,10700000.0,0.0
,accountsReceivables,-3876000.0,2549000.0,6531000.0,-753000.0,-16794000.0,19901000.0,46451000.0,33453000.0,-30324000.0,0.0,0.0,0.0,0.0,0.0,0.0,0.0,0.0,0.0,0.0,0.0,0.0,0.0,0.0,0.0,0.0,0.0,0.0,0.0,0.0,0.0,0.0,0.0,0.0,0.0,0.0
,inventory,0.0,0.0,0.0,0.0,0.0,0.0,0.0,0.0,0.0,0.0,0.0,0.0,0.0,0.0,0.0,0.0,0.0,6809000.0,0.0,0.0,0.0,0.0,0.0,0.0,0.0,0.0,0.0,0.0,0.0,0.0,0.0,0.0,0.0,0.0,0.0
,accountsPayables,0.0,0.0,0.0,0.0,0.0,0.0,0.0,0.0,0.0,0.0,0.0,0.0,0.0,0.0,0.0,0.0,0.0,0.0,0.0,0.0,0.0,0.0,0.0,0.0,0.0,0.0,0.0,0.0,0.0,0.0,0.0,0.0,0.0,0.0,0.0
,otherWorkingCapital,-92948000.0,-104035000.0,54462000.0,144764000.0,180788000.0,469646000.0,598382000.0,439473000.0,316455000.0,202046000.0,421092000.0,634273000.0,483351000.0,591452000.0,617945000.0,252680000.0,444874000.0,43215000.0,77140000.0,61090000.0,88207000.0,75800000.0,42800000.0,99400000.0,102300000.0,152000000.0,89500000.0,99500000.0,101200000.0,91400000.0,93000000.0,80300000.0,99600000.0,99400000.0,88700000.0
,otherNonCashItems,46051000.0,82071000.0,-6872000.0,-5046000.0,-509000.0,-66659000.0,-589127000.0,246886000.0,4617000.0,759000.0,-1979000.0,34038000.0,-63071000.0,9519000.0,2662000.0,0.0,0.0,0.0,0.0,0.0,0.0,0.0,0.0,100000.0,0.0,-15900000.0,0.0,-40800000.0,-9600000.0,100000.0,-100000.0,200000.0,0.0,0.0,0.0
,netCashProvidedByOperatingActivites,52668000.0,73449000.0,45255000.0,43619000.0,328860000.0,299072000.0,-727149000.0,141896000.0,-32899000.0,-61061000.0,-27714000.0,218121000.0,366677000.0,167624000.0,445975000.0,452046000.0,372122000.0,223200000.0,13173000.0,181716000.0,100292000.0,37000000.0,56300000.0,59900000.0,50200000.0,27000000.0,9900000.0,69100000.0,10000000.0,109600000.0,98100000.0,88000000.0,0.0,0.0,0.0
,,,,,,,,,,,,,,,,,,,,,,,,,,,,,,,,,,,,,,,,,,,,,,,,,,,,,,,,,,,,,,,,,,,,,,,,,,,,,,,,,,,,,,,,,,,,,,,,,,,,,
CashProvidedByInvestingActivites,,,,,,,,,,,,,,,,,,,,,,,,,,,,,,,,,,,,,,,,,,,,,,,,,,,,,,,,,,,,,,,,,,,,,,,,,,,,,,,,,,,,,,,,,,,,,,,,,,,,,
,investmentsInPropertyPlantAndEquipment,0.0,-133314000.0,-22193000.0,-11000.0,-666000.0,-1092000.0,-32901000.0,-38558000.0,-55466000.0,-194246000.0,-424019000.0,0.0,0.0,-560942000.0,-67384000.0,-17423000.0,-59439000.0,-87007000.0,-152640000.0,-112012000.0,-106858000.0,-177300000.0,-19100000.0,-91400000.0,-151200000.0,-196100000.0,-146100000.0,-163500000.0,-81200000.0,-59400000.0,-5900000.0,-85800000.0,0.0,0.0,0.0
,acquisitionsNet,-16973000.0,0.0,0.0,0.0,0.0,0.0,0.0,0.0,0.0,0.0,0.0,0.0,0.0,0.0,0.0,0.0,0.0,0.0,0.0,0.0,0.0,0.0,0.0,0.0,0.0,0.0,0.0,0.0,0.0,0.0,0.0,0.0,0.0,0.0,0.0
,purchasesOfInvestments,0.0,0.0,0.0,0.0,0.0,-153000.0,0.0,0.0,0.0,-15358000.0,-146952000.0,-157690000.0,-52983000.0,-31083000.0,-660000.0,-847000.0,-669000.0,0.0,0.0,-116969000.0,-38968000.0,-23300000.0,-2600000.0,-118100000.0,-4700000.0,-13500000.0,-35500000.0,-42500000.0,-54900000.0,-61900000.0,-93900000.0,-193000000.0,0.0,0.0,0.0
,salesMaturitiesOfInvestments,0.0,0.0,0.0,0.0,0.0,0.0,0.0,459000.0,13000000.0,23538000.0,50253000.0,159000.0,112908000.0,196493000.0,2292000.0,23271000.0,10042000.0,34674000.0,40326000.0,96402000.0,15148000.0,6900000.0,31300000.0,107200000.0,11600000.0,34300000.0,25400000.0,44500000.0,107900000.0,4100000.0,139900000.0,165800000.0,0.0,0.0,0.0
,otherInvestingActivites,0.0,0.0,0.0,15569000.0,-5261000.0,140723000.0,-122585000.0,979000.0,563000.0,12265000.0,66169000.0,103656000.0,20261000.0,175089000.0,-5277000.0,-27257000.0,-213196000.0,-28560000.0,-14726000.0,-44289000.0,1446000.0,13900000.0,-6000000.0,115000000.0,-5000000.0,5400000.0,1100000.0,-6900000.0,-201700000.0,23400000.0,-100000.0,-15300000.0,0.0,0.0,0.0
,netCashUsedForInvestingActivites,-78152000.0,-129910000.0,-19826000.0,16613000.0,-5927000.0,156536000.0,-47338000.0,-34538000.0,-22409000.0,-154173000.0,-439661000.0,-372766000.0,-77022000.0,-34895000.0,-256702000.0,45259000.0,-166472000.0,59888000.0,-114311000.0,-175726000.0,-121084000.0,43100000.0,251900000.0,25000000.0,-89900000.0,-136100000.0,-114300000.0,-119400000.0,-229900000.0,-46900000.0,70700000.0,-109100000.0,0.0,0.0,0.0
,,,,,,,,,,,,,,,,,,,,,,,,,,,,,,,,,,,,,,,,,,,,,,,,,,,,,,,,,,,,,,,,,,,,,,,,,,,,,,,,,,,,,,,,,,,,,,,,,,,,,
CashProvidedByFinancingingActivites,,,,,,,,,,,,,,,,,,,,,,,,,,,,,,,,,,,,,,,,,,,,,,,,,,,,,,,,,,,,,,,,,,,,,,,,,,,,,,,,,,,,,,,,,,,,,,,,,,,,,
,debtRepayment,-90126000.0,-30033000.0,-455289000.0,-84170000.0,-174569000.0,-338365000.0,-2124716000.0,-12731000.0,-63990000.0,-104774000.0,-510409000.0,-135136000.0,-220165000.0,0.0,0.0,0.0,0.0,0.0,0.0,0.0,0.0,0.0,0.0,0.0,0.0,0.0,0.0,0.0,0.0,0.0,0.0,0.0,0.0,0.0,0.0
,commonStockIssued,0.0,0.0,0.0,0.0,0.0,0.0,1510000000.0,0.0,0.0,638000.0,159320000.0,580000.0,970000.0,129822000.0,242000.0,218000.0,119229000.0,20259000.0,2627000.0,4547000.0,4795000.0,0.0,0.0,8400000.0,0.0,0.0,76000000.0,0.0,0.0,0.0,0.0,0.0,0.0,0.0,0.0
,commonStockRepurchased,0.0,0.0,0.0,0.0,0.0,0.0,-162000.0,-42000.0,-307000.0,-920000.0,-1718000.0,-1514000.0,-258747000.0,-551001000.0,-18525000.0,0.0,0.0,0.0,0.0,0.0,0.0,-39200000.0,0.0,0.0,0.0,0.0,0.0,-200000.0,-5000000.0,-2400000.0,-38200000.0,-3200000.0,0.0,0.0,0.0
,dividendsPaid,0.0,0.0,0.0,0.0,-31910000.0,0.0,0.0,0.0,0.0,-46875000.0,-51884000.0,-55008000.0,-44856000.0,-38038000.0,-36576000.0,-27615000.0,-27532000.0,-22686000.0,-20636000.0,-20512000.0,-20316000.0,-21400000.0,-22100000.0,-21900000.0,-21700000.0,-21700000.0,-21200000.0,-19600000.0,-19700000.0,-18200000.0,-17200000.0,-17900000.0,0.0,0.0,0.0
,otherFinancingActivites,-197000.0,-294000.0,-569000.0,-1157000.0,0.0,0.0,0.0,0.0,0.0,0.0,7945000.0,-81352000.0,-3480000.0,-1612000.0,-9938000.0,-476000.0,-1873000.0,-3287000.0,-2301000.0,-1985000.0,-2748000.0,0.0,900000.0,1300000.0,2600000.0,400000.0,1900000.0,600000.0,20100000.0,-300000.0,-6000000.0,-4900000.0,0.0,0.0,0.0
,netCashUsedProvidedByFinancingActivities,53626000.0,17497000.0,-111057000.0,-85327000.0,-325822000.0,-341998000.0,561786000.0,-12773000.0,507773000.0,16462000.0,246334000.0,285726000.0,-448466000.0,-237067000.0,228897000.0,-787898000.0,199528000.0,-246029000.0,107826000.0,8485000.0,-20154000.0,-74400000.0,-370300000.0,-80800000.0,-11700000.0,169600000.0,94300000.0,74700000.0,191600000.0,-46500000.0,-137200000.0,-22900000.0,0.0,0.0,0.0
,,,,,,,,,,,,,,,,,,,,,,,,,,,,,,,,,,,,,,,,,,,,,,,,,,,,,,,,,,,,,,,,,,,,,,,,,,,,,,,,,,,,,,,,,,,,,,,,,,,,,
Other,,,,,,,,,,,,,,,,,,,,,,,,,,,,,,,,,,,,,,,,,,,,,,,,,,,,,,,,,,,,,,,,,,,,,,,,,,,,,,,,,,,,,,,,,,,,,,,,,,,,,
,effectOfForexChangesOnCash,0.0,0.0,0.0,0.0,0.0,0.0,0.0,0.0,0.0,0.0,0.0,0.0,0.0,0.0,0.0,0.0,0.0,0.0,0.0,0.0,0.0,0.0,0.0,0.0,0.0,0.0,0.0,0.0,0.0,0.0,0.0,0.0,0.0,0.0,0.0
,,,,,,,,,,,,,,,,,,,,,,,,,,,,,,,,,,,,,,,,,,,,,,,,,,,,,,,,,,,,,,,,,,,,,,,,,,,,,,,,,,,,,,,,,,,,,,,,,,,,,
Cash&CashFlow,,,,,,,,,,,,,,,,,,,,,,,,,,,,,,,,,,,,,,,,,,,,,,,,,,,,,,,,,,,,,,,,,,,,,,,,,,,,,,,,,,,,,,,,,,,,,,,,,,,,,
,netChangeInCash,28142000.0,-38964000.0,-85628000.0,-25095000.0,-2889000.0,113610000.0,-212701000.0,94585000.0,452465000.0,-198772000.0,-221041000.0,131081000.0,-158811000.0,-104338000.0,418170000.0,-290593000.0,405178000.0,37059000.0,6688000.0,14475000.0,-40946000.0,5700000.0,-62200000.0,0.0,0.0,0.0,-10200000.0,0.0,-28300000.0,0.0,0.0,0.0,0.0,0.0,0.0
,cashAtEndOfPeriod,69819000.0,41677000.0,80641000.0,165994000.0,191089000.0,502836000.0,389226000.0,601927000.0,507342000.0,54877000.0,253649000.0,474690000.0,343609000.0,502420000.0,606758000.0,188588000.0,479181000.0,74003000.0,36944000.0,30256000.0,15781000.0,56700000.0,51000000.0,0.0,0.0,0.0,100000000.0,0.0,85700000.0,0.0,0.0,0.0,0.0,0.0,0.0
,cashAtBeginningOfPeriod,41677000.0,80641000.0,166269000.0,191089000.0,193978000.0,389226000.0,601927000.0,507342000.0,54877000.0,253649000.0,474690000.0,343609000.0,502420000.0,606758000.0,188588000.0,479181000.0,74003000.0,36944000.0,30256000.0,15781000.0,56727000.0,51000000.0,113200000.0,109100000.0,160600000.0,100000000.0,110200000.0,85700000.0,114000000.0,97800000.0,66200000.0,110300000.0,0.0,0.0,0.0
,operatingCashFlow,52668000.0,73449000.0,45255000.0,43619000.0,328860000.0,299072000.0,-727149000.0,141896000.0,-32899000.0,-61061000.0,-27714000.0,218121000.0,366677000.0,167624000.0,445975000.0,452046000.0,372122000.0,223200000.0,13173000.0,181716000.0,100292000.0,37000000.0,56300000.0,59900000.0,50200000.0,27000000.0,9900000.0,69100000.0,10000000.0,109600000.0,98100000.0,88000000.0,0.0,0.0,0.0
,capitalExpenditure,-62586000.0,-133314000.0,-22193000.0,-11000.0,-666000.0,-1092000.0,-32901000.0,-38558000.0,-55466000.0,-194246000.0,-424019000.0,-619785000.0,-619080000.0,-560942000.0,-67384000.0,-17423000.0,-59439000.0,-87007000.0,-152640000.0,-112012000.0,-106858000.0,-177300000.0,-19100000.0,-91400000.0,-151200000.0,-196100000.0,-146100000.0,-163500000.0,-81200000.0,-59400000.0,-5900000.0,-85800000.0,0.0,0.0,0.0
,freeCashFlow,-9918000.0,-59865000.0,23062000.0,43608000.0,328194000.0,297980000.0,-760050000.0,103338000.0,-88365000.0,-255307000.0,-451733000.0,-401664000.0,-252403000.0,-393318000.0,378591000.0,434623000.0,312683000.0,136193000.0,-139467000.0,69704000.0,-6566000.0,-140300000.0,37200000.0,-31500000.0,-101000000.0,-169100000.0,-136200000.0,-94400000.0,-71200000.0,50200000.0,92200000.0,2200000.0,0.0,0.0,0.0
