date,,2020-12-31_FY,2019-12-31_FY,2018-12-31_FY,2017-12-31_FY,2016-12-31_FY,2015-12-31_FY,2014-12-31_FY,2013-12-31_FY,2012-12-31_FY,2011-12-31_FY,2010-12-31_FY,2009-12-31_FY,2008-12-31_FY,2007-12-31_FY,2006-12-31_FY,2005-12-31_FY,2004-12-31_FY,2003-12-31_FY,2002-12-31_FY,2001-12-31_FY,2000-12-31_FY,1999-09-30_FY,1998-09-30_FY,1997-09-30_FY,1996-09-30_FY,1995-09-30_FY,1994-09-30_FY,1993-09-30_FY,1992-09-30_FY,1991-09-30_FY,1990-09-30_FY,1989-09-30_FY
,,,,,,,,,,,,,,,,,,,,,,,,,,,,,,,,,,,,,,,,,,,,,,,,,,,,,,,,,,,,,,,,,,,,,,,,,,,,,,,,,,,,,,,,,,,,,,,,,,,,,
CashProvidedByOperatingActivites,,,,,,,,,,,,,,,,,,,,,,,,,,,,,,,,,,,,,,,,,,,,,,,,,,,,,,,,,,,,,,,,,,,,,,,,,,,,,,,,,,,,,,,,,,,,,,,,,,,,,
,netIncome,-14922000.0,16656000.0,20396000.0,30948000.0,19720000.0,8167000.0,-4614000.0,-11190000.0,-15115000.0,-8840619.0,-3496945.0,-7813133.0,-31275302.0,2472439.0,5267549.0,27448087.0,-559642.0,-1135537.0,-3342473.0,-3727789.0,-12746550.0,-3200000.0,-1900000.0,-22500000.0,-300000.0,-18500000.0,-15600000.0,-14700000.0,-7200000.0,-4900000.0,-2900000.0,-2600000.0
,depreciationAndAmortization,9714000.0,7730000.0,7222000.0,6402000.0,5687000.0,5696000.0,6307000.0,6552000.0,7250000.0,4891173.0,3012270.0,3049962.0,3386670.0,2735999.0,1923275.0,2346861.0,2487121.0,2576797.0,2179182.0,1995888.0,2099668.0,700000.0,700000.0,700000.0,1300000.0,1500000.0,1200000.0,1100000.0,1200000.0,900000.0,500000.0,300000.0
,deferredIncomeTax,-392000.0,-1457000.0,-919000.0,-649000.0,-529000.0,48000.0,294000.0,-772000.0,-1397000.0,-868950.0,0.0,0.0,22305250.0,1313839.0,3113745.0,-18165068.0,0.0,0.0,0.0,0.0,0.0,0.0,0.0,0.0,0.0,0.0,0.0,0.0,0.0,0.0,0.0,0.0
,stockBasedCompensation,7139000.0,4057000.0,15237000.0,6973000.0,6063000.0,6045000.0,5744000.0,5572000.0,5197000.0,4100451.0,3228812.0,3935737.0,0.0,0.0,0.0,0.0,0.0,0.0,0.0,0.0,0.0,0.0,0.0,0.0,0.0,0.0,0.0,0.0,0.0,0.0,0.0,0.0
,changeInWorkingCapital,50567000.0,505000.0,1664000.0,50562000.0,27626000.0,6728000.0,4162000.0,-2893000.0,72623393.0,-46948341.0,-11626595.0,-1501935.0,-14683774.0,9641140.0,5308782.0,21760770.0,1738987.0,48239848.0,-833215.0,-1731049.0,14594989.0,400000.0,-3000000.0,-11600000.0,500000.0,3400000.0,8500000.0,-900000.0,-1200000.0,6700000.0,-1300000.0,0.0
,accountsReceivables,-2324000.0,-2210000.0,6635000.0,-22116000.0,-576000.0,-3739000.0,-3381000.0,4337000.0,-296000.0,-3377339.0,1218808.0,-2116410.0,0.0,0.0,0.0,0.0,0.0,0.0,0.0,0.0,0.0,0.0,0.0,0.0,0.0,0.0,0.0,0.0,0.0,0.0,0.0,0.0
,inventory,-8607000.0,-1324000.0,-3857000.0,-7391000.0,1476000.0,2348000.0,-4401000.0,1268000.0,-3139000.0,-1756710.0,1440639.0,2088013.0,-2870255.0,-4797609.0,-2156302.0,-1240049.0,-1787590.0,-454692.0,-1017316.0,-3549168.0,909835.0,-400000.0,200000.0,-200000.0,-3100000.0,-300000.0,-700000.0,-100000.0,200000.0,-300000.0,-500000.0,-100000.0
,accountsPayables,7379000.0,-1537000.0,208000.0,5157000.0,46000.0,-2648000.0,2194000.0,1510000.0,-791000.0,911141.0,-472461.0,-501177.0,0.0,0.0,0.0,0.0,0.0,0.0,0.0,0.0,0.0,0.0,0.0,0.0,0.0,0.0,0.0,0.0,0.0,0.0,0.0,0.0
,otherWorkingCapital,242404000.0,191837000.0,191332000.0,189668000.0,139106000.0,111480000.0,104752000.0,100590000.0,103483000.0,30859607.0,77807948.0,89434543.0,90936478.0,105620252.0,95979112.0,90670330.0,68909560.0,67170573.0,18930725.0,19763940.0,21494989.0,6900000.0,6500000.0,9500000.0,21100000.0,20600000.0,17200000.0,8700000.0,9600000.0,10800000.0,4100000.0,5400000.0
,otherNonCashItems,-1523000.0,-628000.0,23853000.0,21183000.0,31000.0,110000.0,1782000.0,2714000.0,16000.0,-7988252.0,58259.0,-228417.0,8032045.0,6753203.0,6341132.0,0.0,0.0,0.0,0.0,0.0,0.0,0.0,-100000.0,0.0,100000.0,-100000.0,1600000.0,1600000.0,0.0,0.0,0.0,0.0
,netCashProvidedByOperatingActivites,5807000.0,9804000.0,39090000.0,28156000.0,22767000.0,15773000.0,7526000.0,8385000.0,-5373000.0,-2993984.0,3887167.0,-292765.0,-2460342.0,11583879.0,16885804.0,10392336.0,3438216.0,2701796.0,-517507.0,-5255850.0,-9994446.0,-2400000.0,-1500000.0,-2300000.0,-1500000.0,-14600000.0,-13300000.0,-10400000.0,-5300000.0,-3200000.0,-2700000.0,-2200000.0
,,,,,,,,,,,,,,,,,,,,,,,,,,,,,,,,,,,,,,,,,,,,,,,,,,,,,,,,,,,,,,,,,,,,,,,,,,,,,,,,,,,,,,,,,,,,,,,,,,,,,
CashProvidedByInvestingActivites,,,,,,,,,,,,,,,,,,,,,,,,,,,,,,,,,,,,,,,,,,,,,,,,,,,,,,,,,,,,,,,,,,,,,,,,,,,,,,,,,,,,,,,,,,,,,,,,,,,,,
,investmentsInPropertyPlantAndEquipment,-26674000.0,-9314000.0,-6344000.0,-4337000.0,-4353000.0,-3744000.0,-3005000.0,-2462000.0,-2019000.0,-2504923.0,-2105775.0,-1199551.0,-3843270.0,-9703770.0,-12843266.0,-2048167.0,-1512144.0,-993722.0,-1649129.0,-2763639.0,-3071565.0,-700000.0,-100000.0,-500000.0,-1100000.0,-1400000.0,-2600000.0,-1200000.0,-1000000.0,-2100000.0,-300000.0,-100000.0
,acquisitionsNet,-3037000.0,-12000000.0,0.0,0.0,0.0,0.0,0.0,0.0,0.0,-50000000.0,0.0,0.0,0.0,0.0,0.0,0.0,0.0,0.0,0.0,0.0,0.0,0.0,0.0,0.0,0.0,0.0,0.0,0.0,0.0,0.0,0.0,0.0
,purchasesOfInvestments,-90137000.0,-92173000.0,-163763000.0,-161269000.0,-34133000.0,-26895000.0,-9407000.0,0.0,0.0,0.0,0.0,-5986000.0,-67125962.0,-93953103.0,-91494215.0,-54071801.0,-65638600.0,-37280182.0,-9306439.0,-21297303.0,-24869468.0,-11200000.0,-13500000.0,-20100000.0,-47600000.0,-16200000.0,-5600000.0,0.0,-6500000.0,0.0,-3600000.0,0.0
,salesMaturitiesOfInvestments,107718000.0,93491000.0,152680000.0,69253000.0,30421000.0,23934000.0,4432000.0,0.0,0.0,1895000.0,2841000.0,44090000.0,87315645.0,103292484.0,65433600.0,65935674.0,42226980.0,14489860.0,11474935.0,24057932.0,22939595.0,11100000.0,16200000.0,31800000.0,45900000.0,4700000.0,0.0,6500000.0,0.0,600000.0,3200000.0,0.0
,otherInvestingActivites,351000.0,0.0,0.0,0.0,0.0,0.0,0.0,0.0,0.0,0.0,0.0,0.0,0.0,0.0,0.0,-1824801.0,80160.0,-255886.0,-752660.0,-96717.0,-639993.0,-100000.0,-200000.0,-6700000.0,-1000000.0,400000.0,-100000.0,-400000.0,-1100000.0,-700000.0,-200000.0,-200000.0
,netCashUsedForInvestingActivites,-14029000.0,-19797000.0,-17427000.0,-96353000.0,-8065000.0,-6705000.0,-7980000.0,-2462000.0,-2019000.0,-50339848.0,-3764775.0,36904449.0,16346413.0,-364389.0,-38903881.0,7990905.0,-24777177.0,-24039930.0,-230900.0,-66496.0,-5641431.0,-900000.0,2400000.0,4500000.0,-3800000.0,-12500000.0,-8300000.0,4900000.0,-8600000.0,-2200000.0,-900000.0,900000.0
,,,,,,,,,,,,,,,,,,,,,,,,,,,,,,,,,,,,,,,,,,,,,,,,,,,,,,,,,,,,,,,,,,,,,,,,,,,,,,,,,,,,,,,,,,,,,,,,,,,,,
CashProvidedByFinancingingActivites,,,,,,,,,,,,,,,,,,,,,,,,,,,,,,,,,,,,,,,,,,,,,,,,,,,,,,,,,,,,,,,,,,,,,,,,,,,,,,,,,,,,,,,,,,,,,,,,,,,,,
,debtRepayment,-687000.0,-1166000.0,0.0,0.0,0.0,0.0,0.0,0.0,-7292000.0,-500000.0,-509760.0,-557897.0,0.0,0.0,0.0,0.0,0.0,0.0,0.0,0.0,0.0,0.0,0.0,0.0,0.0,0.0,0.0,0.0,0.0,0.0,0.0,0.0
,commonStockIssued,95036000.0,0.0,0.0,0.0,0.0,0.0,0.0,0.0,70246000.0,0.0,7977.0,24807.0,92517.0,3100037.0,457334.0,6067869.0,1904161.0,48544894.0,2828785.0,3853929.0,19797206.0,3200000.0,400000.0,1700000.0,5900000.0,21100000.0,24400000.0,12500000.0,1500000.0,14300000.0,1400000.0,6700000.0
,commonStockRepurchased,-2088000.0,-3712000.0,-3592000.0,-1240000.0,-3444000.0,-6090000.0,-639000.0,-829000.0,-1560000.0,-908884.0,-708785.0,-700195.0,-995367.0,-785908.0,-631509.0,-601347.0,0.0,0.0,0.0,0.0,0.0,0.0,0.0,0.0,0.0,-800000.0,-300000.0,-1200000.0,0.0,-1200000.0,-100000.0,-1000000.0
,dividendsPaid,0.0,0.0,0.0,0.0,0.0,0.0,0.0,0.0,0.0,0.0,0.0,0.0,-5121108.0,0.0,0.0,0.0,0.0,0.0,0.0,0.0,0.0,0.0,0.0,0.0,-1300000.0,0.0,0.0,0.0,0.0,0.0,0.0,0.0
,otherFinancingActivites,-3004000.0,0.0,0.0,0.0,-367000.0,0.0,0.0,0.0,0.0,0.0,0.0,0.0,0.0,0.0,0.0,0.0,0.0,0.0,0.0,0.0,0.0,0.0,-2100000.0,-7200000.0,-100000.0,0.0,0.0,100000.0,0.0,0.0,100000.0,-200000.0
,netCashUsedProvidedByFinancingActivities,92479000.0,-4682000.0,-1891000.0,30435000.0,-1155000.0,-5686000.0,476000.0,-420000.0,71434000.0,3373761.0,-1210568.0,-1233285.0,-6539041.0,1049413.0,9124399.0,4350393.0,777975.0,47652443.0,2660083.0,2728723.0,18743012.0,3200000.0,-1700000.0,-5500000.0,6800000.0,20300000.0,24100000.0,11400000.0,6300000.0,13100000.0,1200000.0,5500000.0
,,,,,,,,,,,,,,,,,,,,,,,,,,,,,,,,,,,,,,,,,,,,,,,,,,,,,,,,,,,,,,,,,,,,,,,,,,,,,,,,,,,,,,,,,,,,,,,,,,,,,
Other,,,,,,,,,,,,,,,,,,,,,,,,,,,,,,,,,,,,,,,,,,,,,,,,,,,,,,,,,,,,,,,,,,,,,,,,,,,,,,,,,,,,,,,,,,,,,,,,,,,,,
,effectOfForexChangesOnCash,830000.0,1952000.0,-4203000.0,841000.0,318000.0,-2155000.0,-346000.0,-200000.0,-32000.0,-5329.0,-2052.0,-9987.0,-11509.0,10973.0,16759.0,-28102.0,-12983.0,16560.0,26286.0,-75670.0,-61140.0,0.0,0.0,0.0,0.0,0.0,0.0,0.0,0.0,0.0,0.0,0.0
,,,,,,,,,,,,,,,,,,,,,,,,,,,,,,,,,,,,,,,,,,,,,,,,,,,,,,,,,,,,,,,,,,,,,,,,,,,,,,,,,,,,,,,,,,,,,,,,,,,,,
Cash&CashFlow,,,,,,,,,,,,,,,,,,,,,,,,,,,,,,,,,,,,,,,,,,,,,,,,,,,,,,,,,,,,,,,,,,,,,,,,,,,,,,,,,,,,,,,,,,,,,,,,,,,,,
,netChangeInCash,85087000.0,-12723000.0,15569000.0,-36921000.0,13865000.0,1227000.0,-324000.0,5303000.0,64010000.0,-49965400.0,-1090228.0,35368412.0,7335521.0,12279876.0,-12876919.0,22705532.0,-20573969.0,26330869.0,1937962.0,-2669293.0,3045995.0,-100000.0,0.0,-3300000.0,0.0,0.0,0.0,0.0,0.0,0.0,0.0,0.0
,cashAtEndOfPeriod,160802000.0,75715000.0,88438000.0,72869000.0,107959000.0,94094000.0,92867000.0,93191000.0,87888000.0,23878002.0,73843402.0,74933630.0,39565218.0,32229697.0,19949821.0,32826740.0,10121208.0,30695177.0,4364308.0,2426346.0,5095639.0,1100000.0,0.0,1900000.0,0.0,0.0,0.0,0.0,0.0,0.0,0.0,0.0
,cashAtBeginningOfPeriod,75715000.0,88438000.0,72869000.0,109790000.0,94094000.0,92867000.0,93191000.0,87888000.0,23878000.0,73843402.0,74933630.0,39565218.0,32229697.0,19949821.0,32826740.0,10121208.0,30695177.0,4364308.0,2426346.0,5095639.0,2049644.0,1200000.0,1900000.0,5200000.0,4300000.0,11000000.0,8600000.0,2600000.0,10200000.0,2600000.0,4900000.0,700000.0
,operatingCashFlow,5807000.0,9804000.0,39090000.0,28156000.0,22767000.0,15773000.0,7526000.0,8385000.0,-5373000.0,-2993984.0,3887167.0,-292765.0,-2460342.0,11583879.0,16885804.0,10392336.0,3438216.0,2701796.0,-517507.0,-5255850.0,-9994446.0,-2400000.0,-1500000.0,-2300000.0,-1500000.0,-14600000.0,-13300000.0,-10400000.0,-5300000.0,-3200000.0,-2700000.0,-2200000.0
,capitalExpenditure,-28924000.0,-9314000.0,-6344000.0,-4337000.0,-4353000.0,-3744000.0,-3005000.0,-2462000.0,-2019000.0,-2504923.0,-6605775.0,-1199551.0,-3843270.0,-9703770.0,-12843266.0,-2048167.0,-1512144.0,-993722.0,-1649129.0,-2763639.0,-3071565.0,-700000.0,-100000.0,-500000.0,-1100000.0,-1400000.0,-2600000.0,-1200000.0,-1000000.0,-2100000.0,-300000.0,-100000.0
,freeCashFlow,-23117000.0,490000.0,32746000.0,23819000.0,18414000.0,12029000.0,4521000.0,5923000.0,-7392000.0,-5498907.0,-2718608.0,-1492316.0,-6303612.0,1880109.0,4042538.0,8344169.0,1926072.0,1708074.0,-2166636.0,-8019489.0,-13066011.0,-3100000.0,-1600000.0,-2800000.0,-2600000.0,-16000000.0,-15900000.0,-11600000.0,-6300000.0,-5300000.0,-3000000.0,-2300000.0
