date,,2020-09-30_FY,2019-09-30_FY,2018-09-30_FY,2017-09-30_FY,2016-09-30_FY,2015-09-30_FY,2014-09-30_FY,2013-09-30_FY,2012-09-30_FY,2011-09-30_FY,2010-09-30_FY,2009-09-30_FY,2008-09-30_FY,2007-09-30_FY,2006-09-30_FY,2005-09-30_FY,2004-09-30_FY,2003-09-30_FY,2002-09-30_FY,2001-09-30_FY,2000-09-30_FY,1999-09-30_FY,1998-09-30_FY,1997-09-30_FY,1996-09-30_FY,1995-09-30_FY,1994-09-30_FY,1993-09-30_FY,1992-09-30_FY,1991-09-30_FY,1990-09-30_FY
,,,,,,,,,,,,,,,,,,,,,,,,,,,,,,,,,,,,,,,,,,,,,,,,,,,,,,,,,,,,,,,,,,,,,,,,,,,,,,,,,,,,,,,,,,,,,,,,,,,,,
CashProvidedByOperatingActivites,,,,,,,,,,,,,,,,,,,,,,,,,,,,,,,,,,,,,,,,,,,,,,,,,,,,,,,,,,,,,,,,,,,,,,,,,,,,,,,,,,,,,,,,,,,,,,,,,,,,,
,netIncome,130695000.0,-27460000.0,51987000.0,6239000.0,-54465000.0,47557000.0,160194000.0,143769000.0,-35398000.0,85424000.0,24368000.0,31522000.0,79702000.0,143656000.0,60866000.0,83592000.0,34813000.0,-98280000.0,-93621000.0,-8214000.0,-3980000.0,119300000.0,86700000.0,219200000.0,137900000.0,77400000.0,66900000.0,42900000.0,21100000.0,10300000.0,5600000.0
,depreciationAndAmortization,119504000.0,77824000.0,87408000.0,86742000.0,86554000.0,84433000.0,77307000.0,76551000.0,66471000.0,18319000.0,62182000.0,61610000.0,60021000.0,39199000.0,33887000.0,25881000.0,35157000.0,41637000.0,72625000.0,76370000.0,78769000.0,62300000.0,29900000.0,22400000.0,16800000.0,9500000.0,5200000.0,3300000.0,1800000.0,1000000.0,700000.0
,deferredIncomeTax,-24641000.0,1708000.0,-56556000.0,-28289000.0,-44182000.0,-49361000.0,-19946000.0,-39714000.0,104766000.0,0.0,21998000.0,-55414000.0,-2740000.0,0.0,-402000.0,-5989000.0,399000.0,42000.0,54174000.0,-15039000.0,-4838000.0,-16900000.0,5500000.0,2200000.0,-6400000.0,-10600000.0,-400000.0,-500000.0,200000.0,0.0,1300000.0
,stockBasedCompensation,115149000.0,86400000.0,82939000.0,76708000.0,65996000.0,50182000.0,50889000.0,48787000.0,51305000.0,45402000.0,48911000.0,43328000.0,0.0,0.0,0.0,0.0,0.0,0.0,0.0,0.0,0.0,0.0,0.0,0.0,0.0,0.0,0.0,0.0,0.0,0.0,0.0
,changeInWorkingCapital,-103732000.0,245961000.0,-89142000.0,-423000.0,-99349000.0,-18081000.0,-46103000.0,-245805000.0,274535000.0,7610000.0,60228000.0,23894000.0,-133148000.0,72877000.0,12447000.0,-111110000.0,71489000.0,-66302000.0,28836000.0,-110029000.0,18181000.0,73600000.0,-329600000.0,87800000.0,98400000.0,23900000.0,10900000.0,-13300000.0,4900000.0,-2600000.0,-3000000.0
,accountsReceivables,-32365000.0,29446000.0,20396000.0,12832000.0,52617000.0,29723000.0,7554000.0,17308000.0,32309000.0,-32334000.0,-531000.0,55347000.0,0.0,0.0,0.0,0.0,0.0,0.0,0.0,0.0,0.0,0.0,0.0,0.0,0.0,0.0,0.0,0.0,0.0,0.0,0.0
,inventory,0.0,0.0,0.0,0.0,0.0,0.0,0.0,0.0,0.0,0.0,0.0,0.0,0.0,0.0,0.0,0.0,0.0,0.0,0.0,0.0,0.0,0.0,0.0,0.0,0.0,0.0,0.0,0.0,0.0,0.0,0.0
,accountsPayables,-5135000.0,16200000.0,5251000.0,20315000.0,-14185000.0,31134000.0,-436000.0,-4828000.0,0.0,0.0,0.0,0.0,0.0,0.0,0.0,0.0,0.0,0.0,0.0,0.0,0.0,0.0,0.0,0.0,0.0,0.0,0.0,0.0,0.0,0.0,0.0
,otherWorkingCapital,-64695000.0,144466000.0,-101495000.0,-12353000.0,-11930000.0,87419000.0,105500000.0,151603000.0,397408000.0,122873000.0,115263000.0,55035000.0,31141000.0,164289000.0,91412000.0,78965000.0,190075000.0,118586000.0,184888000.0,156052000.0,266081000.0,247900000.0,174300000.0,503900000.0,416100000.0,317700000.0,0.0,0.0,0.0,0.0,0.0
,otherNonCashItems,-3167000.0,-4148000.0,534000.0,2272000.0,966000.0,157000.0,-760000.0,126000.0,-35366000.0,50416000.0,1069000.0,1721000.0,53362000.0,-32142000.0,41948000.0,0.0,0.0,0.0,0.0,0.0,2499000.0,-100000.0,17400000.0,-200000.0,-100000.0,-200000.0,0.0,-100000.0,0.0,100000.0,100000.0
,netCashProvidedByOperatingActivites,233808000.0,285145000.0,247811000.0,134590000.0,183168000.0,179903000.0,304552000.0,224683000.0,217975000.0,78698000.0,156644000.0,69676000.0,222240000.0,127374000.0,65164000.0,128139000.0,101336000.0,6495000.0,-22614000.0,51079000.0,51851000.0,150800000.0,193500000.0,266300000.0,229700000.0,119000000.0,82600000.0,32300000.0,28000000.0,8800000.0,4700000.0
,,,,,,,,,,,,,,,,,,,,,,,,,,,,,,,,,,,,,,,,,,,,,,,,,,,,,,,,,,,,,,,,,,,,,,,,,,,,,,,,,,,,,,,,,,,,,,,,,,,,,
CashProvidedByInvestingActivites,,,,,,,,,,,,,,,,,,,,,,,,,,,,,,,,,,,,,,,,,,,,,,,,,,,,,,,,,,,,,,,,,,,,,,,,,,,,,,,,,,,,,,,,,,,,,,,,,,,,,
,investmentsInPropertyPlantAndEquipment,-20196000.0,-64411000.0,-36041000.0,-25444000.0,-26189000.0,-30628000.0,-25275000.0,-29328000.0,-31413000.0,-27817000.0,-26729000.0,-30087000.0,-25439000.0,-24057000.0,-19472000.0,-14958000.0,-12448000.0,-20824000.0,-29666000.0,-61388000.0,-41138000.0,-136500000.0,-76400000.0,-33800000.0,-51800000.0,-46400000.0,-9100000.0,-7400000.0,-3600000.0,-800000.0,-500000.0
,acquisitionsNet,-483000000.0,-87000000.0,-3000000.0,-5000000.0,-166000000.0,-98000000.0,-324000000.0,-246000000.0,0.0,-280000000.0,-3000000.0,-33000000.0,-262000000.0,-27000000.0,-75000000.0,-199000000.0,0.0,0.0,0.0,0.0,0.0,0.0,0.0,0.0,0.0,0.0,0.0,0.0,0.0,0.0,0.0
,purchasesOfInvestments,-43290000.0,-30852000.0,-25311000.0,-19726000.0,-45165000.0,-11000000.0,0.0,0.0,0.0,0.0,0.0,0.0,0.0,0.0,0.0,0.0,0.0,-17119000.0,-40220000.0,-38048000.0,-53732000.0,-95400000.0,0.0,0.0,0.0,-264900000.0,-83100000.0,-28100000.0,-7700000.0,0.0,-19000000.0
,salesMaturitiesOfInvestments,32042000.0,31976000.0,18140000.0,34003000.0,0.0,0.0,0.0,0.0,0.0,0.0,0.0,0.0,0.0,0.0,0.0,0.0,0.0,48556000.0,40295000.0,55681000.0,115262000.0,196900000.0,593400000.0,0.0,0.0,171200000.0,68800000.0,0.0,0.0,300000.0,0.0
,otherInvestingActivites,0.0,0.0,0.0,0.0,0.0,0.0,0.0,721000.0,0.0,0.0,0.0,0.0,0.0,0.0,0.0,-1177000.0,0.0,-5108000.0,-2007000.0,-2982000.0,-2784000.0,-24100000.0,-413500000.0,-154500000.0,-92700000.0,-1200000.0,-800000.0,-600000.0,-700000.0,-500000.0,-500000.0
,netCashUsedForInvestingActivites,-525972000.0,-150024000.0,-49212000.0,-16127000.0,-237156000.0,-140039000.0,-348800000.0,-274450000.0,-31633000.0,-307843000.0,-29450000.0,-62877000.0,-287031000.0,-55149000.0,-94556000.0,-215032000.0,-22270000.0,5505000.0,-21398000.0,-46737000.0,40522000.0,-59100000.0,103500000.0,-188300000.0,-144500000.0,-141300000.0,-24200000.0,-36100000.0,-12000000.0,-1000000.0,-20000000.0
,,,,,,,,,,,,,,,,,,,,,,,,,,,,,,,,,,,,,,,,,,,,,,,,,,,,,,,,,,,,,,,,,,,,,,,,,,,,,,,,,,,,,,,,,,,,,,,,,,,,,
CashProvidedByFinancingingActivites,,,,,,,,,,,,,,,,,,,,,,,,,,,,,,,,,,,,,,,,,,,,,,,,,,,,,,,,,,,,,,,,,,,,,,,,,,,,,,,,,,,,,,,,,,,,,,,,,,,,,
,debtRepayment,-1125125000.0,-180000000.0,-320000000.0,-190000000.0,-580000000.0,-128750000.0,-1032500000.0,-111875000.0,-60000000.0,-50000000.0,-50832000.0,-32136000.0,0.0,0.0,0.0,0.0,0.0,0.0,0.0,0.0,0.0,0.0,0.0,0.0,0.0,0.0,0.0,0.0,0.0,0.0,0.0
,commonStockIssued,18382000.0,12975000.0,1015654000.0,10778000.0,21000.0,41000.0,877000.0,4884000.0,21210000.0,24756000.0,15284000.0,5136000.0,12701000.0,15649000.0,7831000.0,10162000.0,9712000.0,7688000.0,8627000.0,24232000.0,79621000.0,23900000.0,70400000.0,65500000.0,40800000.0,26100000.0,15400000.0,25400000.0,15200000.0,2800000.0,17700000.0
,commonStockRepurchased,0.0,-114994000.0,-1100000000.0,-50991000.0,0.0,-64940000.0,-224915000.0,-74871000.0,-34953000.0,-54921000.0,-62542000.0,-14157000.0,-27297000.0,-9952000.0,0.0,0.0,0.0,-167000.0,-4998000.0,-131708000.0,-90020000.0,-90000000.0,-50000000.0,-184800000.0,-66600000.0,0.0,-4400000.0,0.0,0.0,0.0,0.0
,dividendsPaid,0.0,0.0,0.0,0.0,0.0,0.0,0.0,0.0,0.0,0.0,0.0,0.0,0.0,0.0,0.0,0.0,0.0,0.0,0.0,0.0,0.0,0.0,0.0,0.0,0.0,0.0,0.0,0.0,0.0,0.0,0.0
,otherFinancingActivites,-50847000.0,-45941000.0,-56500000.0,-37248000.0,-38322000.0,-33506000.0,-24359000.0,-14662000.0,-21594000.0,-19415000.0,-22645000.0,8705000.0,-10555000.0,-6225000.0,-845000.0,-11910000.0,0.0,0.0,0.0,0.0,0.0,0.0,100000.0,0.0,0.0,100000.0,0.0,0.0,100000.0,0.0,100000.0
,netCashUsedProvidedByFinancingActivities,297410000.0,-122960000.0,-210846000.0,-117461000.0,51699000.0,-42155000.0,105353000.0,-196524000.0,134663000.0,150420000.0,-120735000.0,-32452000.0,62457000.0,-1024000.0,6544000.0,-2018000.0,9712000.0,7521000.0,3629000.0,-107476000.0,-10399000.0,-66100000.0,-255200000.0,-119400000.0,-25900000.0,25400000.0,11000000.0,25400000.0,15100000.0,2400000.0,17400000.0
,,,,,,,,,,,,,,,,,,,,,,,,,,,,,,,,,,,,,,,,,,,,,,,,,,,,,,,,,,,,,,,,,,,,,,,,,,,,,,,,,,,,,,,,,,,,,,,,,,,,,
Other,,,,,,,,,,,,,,,,,,,,,,,,,,,,,,,,,,,,,,,,,,,,,,,,,,,,,,,,,,,,,,,,,,,,,,,,,,,,,,,,,,,,,,,,,,,,,,,,,,,,,
,effectOfForexChangesOnCash,25000.0,-2565000.0,-7810000.0,1066000.0,6807000.0,-17946000.0,-9364000.0,-1339000.0,660000.0,6350000.0,-1328000.0,3834000.0,-3996000.0,8622000.0,1873000.0,-1553000.0,797000.0,6966000.0,1839000.0,-5369000.0,4109000.0,8200000.0,-4400000.0,-6100000.0,-3300000.0,400000.0,1000000.0,-400000.0,300000.0,0.0,0.0
,,,,,,,,,,,,,,,,,,,,,,,,,,,,,,,,,,,,,,,,,,,,,,,,,,,,,,,,,,,,,,,,,,,,,,,,,,,,,,,,,,,,,,,,,,,,,,,,,,,,,
Cash&CashFlow,,,,,,,,,,,,,,,,,,,,,,,,,,,,,,,,,,,,,,,,,,,,,,,,,,,,,,,,,,,,,,,,,,,,,,,,,,,,,,,,,,,,,,,,,,,,,,,,,,,,,
,netChangeInCash,5271000.0,9596000.0,-20057000.0,2068000.0,4518000.0,-20237000.0,51741000.0,-247630000.0,321665000.0,-72375000.0,5131000.0,-21819000.0,-6330000.0,79823000.0,-20975000.0,-90464000.0,89575000.0,26487000.0,-38544000.0,-108503000.0,86083000.0,33800000.0,37400000.0,-47400000.0,56000000.0,3400000.0,0.0,0.0,0.0,0.0,0.0
,cashAtEndOfPeriod,275960000.0,270689000.0,259946000.0,280003000.0,277935000.0,273417000.0,293654000.0,241913000.0,489543000.0,167878000.0,240253000.0,235122000.0,256941000.0,263271000.0,183448000.0,204423000.0,294887000.0,205312000.0,178825000.0,217369000.0,325872000.0,239800000.0,206000000.0,154200000.0,201600000.0,145600000.0,0.0,0.0,0.0,0.0,0.0
,cashAtBeginningOfPeriod,270689000.0,261093000.0,280003000.0,277935000.0,273417000.0,293654000.0,241913000.0,489543000.0,167878000.0,240253000.0,235122000.0,256941000.0,263271000.0,183448000.0,204423000.0,294887000.0,205312000.0,178825000.0,217369000.0,325872000.0,239789000.0,206000000.0,168600000.0,201600000.0,145600000.0,142200000.0,68200000.0,47000000.0,15700000.0,5500000.0,3300000.0
,operatingCashFlow,233808000.0,285145000.0,247811000.0,134590000.0,183168000.0,179903000.0,304552000.0,224683000.0,217975000.0,78698000.0,156644000.0,69676000.0,222240000.0,127374000.0,65164000.0,128139000.0,101336000.0,6495000.0,-22614000.0,51079000.0,51851000.0,150800000.0,193500000.0,266300000.0,229700000.0,119000000.0,82600000.0,32300000.0,28000000.0,8800000.0,4700000.0
,capitalExpenditure,-31246000.0,-64411000.0,-39041000.0,-25444000.0,-26189000.0,-30628000.0,-25275000.0,-29328000.0,-31413000.0,-27817000.0,-26729000.0,-30087000.0,-25439000.0,-24057000.0,-19472000.0,-14958000.0,-12448000.0,-20824000.0,-29666000.0,-61388000.0,-41138000.0,-136500000.0,-76400000.0,-33800000.0,-51800000.0,-46400000.0,-9100000.0,-7400000.0,-3600000.0,-800000.0,-500000.0
,freeCashFlow,202562000.0,220734000.0,208770000.0,109146000.0,156979000.0,149275000.0,279277000.0,195355000.0,186562000.0,50881000.0,129915000.0,39589000.0,196801000.0,103317000.0,45692000.0,113181000.0,88888000.0,-14329000.0,-52280000.0,-10309000.0,10713000.0,14300000.0,117100000.0,232500000.0,177900000.0,72600000.0,73500000.0,24900000.0,24400000.0,8000000.0,4200000.0
