date,,2020-03-28_FY,2019-03-30_FY,2018-03-31_FY,2017-04-01_FY,2016-04-02_FY,2015-03-28_FY,2014-03-29_FY,2013-03-30_FY,2012-03-31_FY,2011-04-02_FY,2010-04-03_FY,2009-03-28_FY,2008-03-29_FY,2007-03-31_FY,2006-04-01_FY,2005-04-02_FY,2004-04-03_FY,2003-03-29_FY,2002-03-30_FY,2001-03-31_FY,2000-04-01_FY,1999-04-03_FY,1998-03-28_FY
,,,,,,,,,,,,,,,,,,,,,,,,,,,,,,,,,,,,,,,,,,,,,,,,,,,,,,,,,,,,,,,,,,,,,,,,,,,,,,,,,,,,,,,,,,,,,,,,,,,,,
CashProvidedByOperatingActivites,,,,,,,,,,,,,,,,,,,,,,,,,,,,,,,,,,,,,,,,,,,,,,,,,,,,,,,,,,,,,,,,,,,,,,,,,,,,,,,,,,,,,,,,,,,,,,,,,,,,,
,netIncome,384300000.0,430900000.0,162800000.0,-99300000.0,396000000.0,702000000.0,776000000.0,750000000.0,681000000.0,567600000.0,479500000.0,406000000.0,419800000.0,400900000.0,308000000.0,190400000.0,171000000.0,174200000.0,172500000.0,59262000.0,143500000.0,90600000.0,147600000.0
,depreciationAndAmortization,269500000.0,281300000.0,295200000.0,307500000.0,309400000.0,294000000.0,258000000.0,232300000.0,28900000.0,194100000.0,181200000.0,184400000.0,201300000.0,144700000.0,127000000.0,103600000.0,83200000.0,78600000.0,83900000.0,78599000.0,66300000.0,46400000.0,27400000.0
,deferredIncomeTax,-168800000.0,8500000.0,84100000.0,-38900000.0,-7900000.0,11000000.0,1000000.0,14400000.0,-15100000.0,47300000.0,-200000.0,-35100000.0,-7700000.0,-112400000.0,35500000.0,10100000.0,-4200000.0,8900000.0,21200000.0,-23430000.0,6800000.0,-25800000.0,-28000000.0
,stockBasedCompensation,100000000.0,88600000.0,74500000.0,63600000.0,97000000.0,81000000.0,93000000.0,87500000.0,77900000.0,70000000.0,59000000.0,49000000.0,70000000.0,0.0,26000000.0,12851000.0,0.0,0.0,0.0,0.0,0.0,0.0,0.0
,changeInWorkingCapital,-1111500000.0,433500000.0,166600000.0,-60400000.0,-283000000.0,-221000000.0,517500000.0,-112200000.0,307700000.0,117500000.0,145900000.0,397700000.0,-60700000.0,510600000.0,-256400000.0,21200000.0,104500000.0,49400000.0,154156000.0,15444000.0,115200000.0,-22700000.0,141900000.0
,accountsReceivables,57000000.0,10100000.0,34500000.0,54100000.0,129000000.0,-96000000.0,-104000000.0,82100000.0,-114000000.0,-50000000.0,92000000.0,1000000.0,10000000.0,0.0,-19000000.0,6020000.0,2623000.0,-22200000.0,-84600000.0,0.0,-47200000.0,-8100000.0,-4800000.0
,inventory,72000000.0,-90800000.0,57800000.0,120400000.0,-91000000.0,-97000000.0,-77000000.0,-67500000.0,-148300000.0,-173000000.0,29000000.0,-10000000.0,81000000.0,-32200000.0,3000000.0,-23530000.0,17227000.0,-14000000.0,75800000.0,-44626000.0,-14100000.0,-78400000.0,-76400000.0
,accountsPayables,-64000000.0,-4700000.0,0.0,112900000.0,90000000.0,50000000.0,43000000.0,-57100000.0,0.0,109000000.0,41000000.0,55000000.0,-14000000.0,0.0,39000000.0,-6632000.0,-2296000.0,-3900000.0,800000.0,0.0,-62400000.0,11200000.0,-10700000.0
,otherWorkingCapital,1283200000.0,2394700000.0,1961200000.0,1794600000.0,1855000000.0,2138000000.0,2359000000.0,1841500000.0,1953700000.0,1646000000.0,1528500000.0,1382600000.0,984900000.0,1045600000.0,535000000.0,791400000.0,770200000.0,665700000.0,616300000.0,462144000.0,446700000.0,331500000.0,354200000.0
,otherNonCashItems,195700000.0,140100000.0,15000000.0,549400000.0,196800000.0,66000000.0,59000000.0,78600000.0,684100000.0,32200000.0,83400000.0,133500000.0,80900000.0,52800000.0,63300000.0,33500000.0,29600000.0,15600000.0,26300000.0,0.0,11500000.0,22200000.0,4400000.0
,netCashProvidedByOperatingActivites,754600000.0,783800000.0,975100000.0,952300000.0,1016700000.0,894000000.0,907000000.0,1018900000.0,885300000.0,688700000.0,906500000.0,774200000.0,695400000.0,796100000.0,449100000.0,382000000.0,210600000.0,269000000.0,293800000.0,100286000.0,242700000.0,38500000.0,96200000.0
,,,,,,,,,,,,,,,,,,,,,,,,,,,,,,,,,,,,,,,,,,,,,,,,,,,,,,,,,,,,,,,,,,,,,,,,,,,,,,,,,,,,,,,,,,,,,,,,,,,,,
CashProvidedByInvestingActivites,,,,,,,,,,,,,,,,,,,,,,,,,,,,,,,,,,,,,,,,,,,,,,,,,,,,,,,,,,,,,,,,,,,,,,,,,,,,,,,,,,,,,,,,,,,,,,,,,,,,,
,investmentsInPropertyPlantAndEquipment,-270300000.0,-197700000.0,0.0,-284000000.0,-418000000.0,-391000000.0,-390000000.0,-276500000.0,0.0,-255000000.0,-201300000.0,-185000000.0,-217100000.0,-184000000.0,-158600000.0,-174138000.0,-123026000.0,-98700000.0,-88000000.0,-105170000.0,-122000000.0,-141700000.0,-63100000.0
,acquisitionsNet,1000000.0,-5000000.0,-5000000.0,-6000000.0,-16000000.0,-12000000.0,-40000000.0,-21000000.0,-12000000.0,-70000000.0,-30000000.0,-46000000.0,-188000000.0,-176000000.0,-380000000.0,-243248000.0,-5019000.0,0.0,0.0,0.0,0.0,0.0,0.0
,purchasesOfInvestments,-1289000000.0,-3533400000.0,-1605600000.0,-1075600000.0,-1585000000.0,-1930000000.0,-1625000000.0,-1373100000.0,-1360500000.0,-1244000000.0,-1350000000.0,-623000000.0,-96000000.0,0.0,0.0,0.0,0.0,0.0,0.0,-50721000.0,0.0,0.0,0.0
,salesMaturitiesOfInvestments,2240000000.0,2357500000.0,1582700000.0,942400000.0,942000000.0,1113000000.0,1011000000.0,1058100000.0,1393500000.0,1242000000.0,1072000000.0,369000000.0,12000000.0,0.0,0.0,0.0,0.0,0.0,0.0,0.0,0.0,0.0,0.0
,otherInvestingActivites,0.0,494300000.0,0.0,209400000.0,478000000.0,519000000.0,519000000.0,469500000.0,1300000.0,0.0,0.0,0.0,0.0,-74500000.0,0.0,0.0,0.0,0.0,0.0,-5152000.0,0.0,0.0,0.0
,netCashUsedForInvestingActivites,702100000.0,-879300000.0,-189100000.0,-207800000.0,-576300000.0,-689000000.0,-488000000.0,-113100000.0,-249600000.0,-299400000.0,-504400000.0,-458000000.0,-505000000.0,-434600000.0,-539200000.0,-417400000.0,-132700000.0,-166300000.0,-116000000.0,-181972000.0,-318300000.0,-196200000.0,-74900000.0
,,,,,,,,,,,,,,,,,,,,,,,,,,,,,,,,,,,,,,,,,,,,,,,,,,,,,,,,,,,,,,,,,,,,,,,,,,,,,,,,,,,,,,,,,,,,,,,,,,,,,
CashProvidedByFinancingingActivites,,,,,,,,,,,,,,,,,,,,,,,,,,,,,,,,,,,,,,,,,,,,,,,,,,,,,,,,,,,,,,,,,,,,,,,,,,,,,,,,,,,,,,,,,,,,,,,,,,,,,
,debtRepayment,-13000000.0,-300000000.0,-28200000.0,-3851300000.0,-4463000000.0,-2574000000.0,-269000000.0,-8000000.0,-115700000.0,-7000000.0,-121000000.0,-196000000.0,-7000000.0,0.0,-2000000.0,107745000.0,-100943000.0,0.0,0.0,0.0,0.0,0.0,0.0
,commonStockIssued,0.0,0.0,0.0,0.0,0.0,0.0,0.0,0.0,0.0,0.0,0.0,0.0,0.0,51400000.0,0.0,0.0,0.0,0.0,0.0,10297000.0,0.0,0.0,0.0
,commonStockRepurchased,-694800000.0,-480800000.0,-17100000.0,-210200000.0,-467200000.0,-480000000.0,-506000000.0,-497700000.0,-419400000.0,-506300000.0,-180500000.0,-140800000.0,-435300000.0,-231300000.0,51400000.0,53200000.0,39400000.0,3000000.0,22400000.0,-13833000.0,-41300000.0,-16000000.0,268800000.0
,dividendsPaid,-203900000.0,-190700000.0,-162400000.0,-164800000.0,-170300000.0,-158000000.0,-149000000.0,-127800000.0,-74300000.0,-38500000.0,-24700000.0,-19900000.0,-20500000.0,-20900000.0,-20800000.0,-21700000.0,-14800000.0,0.0,0.0,0.0,0.0,0.0,0.0
,otherFinancingActivites,0.0,387600000.0,0.0,3713200000.0,4660000000.0,2843000000.0,377000000.0,30300000.0,32500000.0,0.0,0.0,0.0,0.0,22200000.0,0.0,0.0,0.0,0.0,0.0,0.0,0.0,0.0,0.0
,netCashUsedProvidedByFinancingActivities,-438200000.0,-605700000.0,-197500000.0,-518100000.0,-483000000.0,-421000000.0,-599000000.0,-594800000.0,-407700000.0,-512600000.0,-306400000.0,-352100000.0,-260500000.0,-95200000.0,33500000.0,31500000.0,-76400000.0,-16700000.0,-40300000.0,-25886000.0,201600000.0,143400000.0,7800000.0
,,,,,,,,,,,,,,,,,,,,,,,,,,,,,,,,,,,,,,,,,,,,,,,,,,,,,,,,,,,,,,,,,,,,,,,,,,,,,,,,,,,,,,,,,,,,,,,,,,,,,
Other,,,,,,,,,,,,,,,,,,,,,,,,,,,,,,,,,,,,,,,,,,,,,,,,,,,,,,,,,,,,,,,,,,,,,,,,,,,,,,,,,,,,,,,,,,,,,,,,,,,,,
,effectOfForexChangesOnCash,-15200000.0,-27800000.0,55200000.0,-14400000.0,7200000.0,-81000000.0,3000000.0,-8900000.0,-9400000.0,13200000.0,-13800000.0,-34400000.0,57700000.0,11900000.0,-8200000.0,2100000.0,-1600000.0,12800000.0,-900000.0,-5501000.0,-5800000.0,0.0,0.0
,,,,,,,,,,,,,,,,,,,,,,,,,,,,,,,,,,,,,,,,,,,,,,,,,,,,,,,,,,,,,,,,,,,,,,,,,,,,,,,,,,,,,,,,,,,,,,,,,,,,,
Cash&CashFlow,,,,,,,,,,,,,,,,,,,,,,,,,,,,,,,,,,,,,,,,,,,,,,,,,,,,,,,,,,,,,,,,,,,,,,,,,,,,,,,,,,,,,,,,,,,,,,,,,,,,,
,netChangeInCash,1003300000.0,-729000000.0,643700000.0,212000000.0,-35400000.0,-297000000.0,-177000000.0,302100000.0,218600000.0,-110100000.0,81900000.0,-70300000.0,-12400000.0,278200000.0,-64800000.0,-1900000.0,-100000.0,98900000.0,136600000.0,-113073000.0,120100000.0,-14300000.0,29200000.0
,cashAtEndOfPeriod,1587400000.0,575600000.0,1355500000.0,668000000.0,464600000.0,500000000.0,796700000.0,973700000.0,671600000.0,453000000.0,563100000.0,481200000.0,551500000.0,563900000.0,285700000.0,341600000.0,343500000.0,337700000.0,188100000.0,51498000.0,164600000.0,44500000.0,58800000.0
,cashAtBeginningOfPeriod,584100000.0,1304600000.0,711800000.0,456000000.0,500000000.0,797000000.0,973700000.0,671600000.0,453000000.0,563100000.0,481200000.0,551500000.0,563900000.0,285700000.0,350500000.0,343500000.0,343600000.0,238800000.0,51500000.0,164571000.0,44500000.0,58800000.0,29600000.0
,operatingCashFlow,754600000.0,783800000.0,975100000.0,952300000.0,1016700000.0,894000000.0,907000000.0,1018900000.0,885300000.0,688700000.0,906500000.0,774200000.0,695400000.0,796100000.0,449100000.0,382000000.0,210600000.0,269000000.0,293800000.0,100286000.0,242700000.0,38500000.0,96200000.0
,capitalExpenditure,-270300000.0,-197700000.0,-161600000.0,-284000000.0,-418000000.0,-391000000.0,-390000000.0,-276500000.0,-272200000.0,-255000000.0,-201300000.0,-185000000.0,-217100000.0,-184000000.0,-158600000.0,-174138000.0,-123026000.0,-98700000.0,-88000000.0,-105170000.0,-122000000.0,-141700000.0,-63100000.0
,freeCashFlow,484300000.0,586100000.0,813500000.0,668300000.0,599000000.0,503000000.0,517000000.0,742400000.0,613100000.0,433700000.0,705200000.0,589200000.0,478300000.0,612100000.0,290500000.0,207900000.0,80100000.0,170300000.0,205800000.0,-4884000.0,120700000.0,-103200000.0,33100000.0
