date,,2020-12-31_FY,2019-12-31_FY,2018-12-31_FY,2017-12-31_FY,2016-12-31_FY,2015-12-31_FY,2014-12-31_FY,2013-12-31_FY,2012-12-31_FY,2011-12-31_FY,2010-12-31_FY,2009-12-31_FY,2008-12-31_FY,2007-12-31_FY,2006-12-31_FY,2005-12-31_FY,2004-12-31_FY,2003-12-31_FY,2002-12-31_FY,2001-12-31_FY,2000-12-31_FY,1999-12-31_FY,1998-12-31_FY,1997-12-31_FY,1996-12-31_FY,1995-12-31_FY,1994-12-31_FY,1993-12-31_FY,1992-12-31_FY
,,,,,,,,,,,,,,,,,,,,,,,,,,,,,,,,,,,,,,,,,,,,,,,,,,,,,,,,,,,,,,,,,,,,,,,,,,,,,,,,,,,,,,,,,,,,,,,,,,,,,
CashProvidedByOperatingActivites,,,,,,,,,,,,,,,,,,,,,,,,,,,,,,,,,,,,,,,,,,,,,,,,,,,,,,,,,,,,,,,,,,,,,,,,,,,,,,,,,,,,,,,,,,,,,,,,,,,,,
,netIncome,2626000.0,54935000.0,46595000.0,66390000.0,-895000.0,40864000.0,33883000.0,29586000.0,16303000.0,0.0,18075000.0,15092000.0,24405000.0,18803000.0,17922000.0,10735000.0,10243000.0,9761000.0,-2893000.0,16372000.0,9855000.0,6428000.0,5603775.0,4479563.0,4766339.0,6230685.0,4851019.0,4600000.0,4000000.0
,depreciationAndAmortization,48703000.0,160078000.0,166405000.0,177007000.0,143685000.0,70702000.0,65890000.0,60722000.0,64413000.0,55770000.0,42631000.0,32630000.0,29902000.0,29198000.0,27290000.0,22382000.0,19020000.0,16631000.0,14482000.0,11834000.0,7318000.0,6712000.0,5429815.0,4650894.0,3529554.0,2864521.0,2730938.0,2500000.0,2300000.0
,deferredIncomeTax,15310000.0,11644000.0,6208000.0,-54055000.0,-52875000.0,-451000.0,2975000.0,14266000.0,6504000.0,15973000.0,4628000.0,957000.0,7909000.0,-1208000.0,-1693000.0,-1511000.0,5960000.0,5664000.0,289000.0,8666000.0,130000.0,-758000.0,1121371.0,733644.0,695921.0,323680.0,-53324.0,-500000.0,0.0
,stockBasedCompensation,5907000.0,3817000.0,4959000.0,3580000.0,3021000.0,2333000.0,2624000.0,1938000.0,1842000.0,1718000.0,792000.0,653000.0,174000.0,0.0,0.0,0.0,0.0,0.0,0.0,0.0,0.0,0.0,0.0,0.0,0.0,0.0,0.0,0.0,0.0
,changeInWorkingCapital,-19429000.0,-29968000.0,86352000.0,38109000.0,-69508000.0,-2460000.0,15190000.0,-4315000.0,49410000.0,-17017000.0,-2105000.0,-20029000.0,30956000.0,7497000.0,11523000.0,-14611000.0,-12496000.0,24573000.0,6201000.0,-1483000.0,-9796000.0,-3239973.0,-1177035.0,90275.0,-1051432.0,-1728577.0,3078742.0,2400000.0,700000.0
,accountsReceivables,-7318000.0,-7664000.0,239000.0,16451000.0,14581000.0,-1047000.0,-6225000.0,-2594000.0,-8246000.0,-1891000.0,-3120000.0,1292000.0,-3773000.0,0.0,0.0,0.0,0.0,0.0,0.0,0.0,0.0,0.0,0.0,0.0,0.0,0.0,0.0,-100000.0,0.0
,inventory,0.0,-463000.0,439000.0,33339000.0,-30288000.0,492000.0,1921000.0,-927000.0,-2321000.0,-1080000.0,-262000.0,470000.0,-1662000.0,-2165000.0,203000.0,-589000.0,75000.0,-275000.0,1147000.0,-143000.0,1233000.0,-601000.0,480654.0,-1080082.0,-952981.0,-411084.0,34076.0,100000.0,0.0
,accountsPayables,-663000.0,12821000.0,-1377000.0,-36725000.0,42496000.0,2753000.0,5040000.0,-2145000.0,-4690000.0,-596000.0,3528000.0,3178000.0,-439000.0,0.0,0.0,0.0,0.0,0.0,0.0,0.0,0.0,0.0,0.0,0.0,0.0,0.0,0.0,0.0,0.0
,otherWorkingCapital,-8402000.0,91695000.0,121663000.0,35311000.0,-2798000.0,66710000.0,69170000.0,53980000.0,58295000.0,8885000.0,25902000.0,28007000.0,48036000.0,17080000.0,9583000.0,-1940000.0,12671000.0,25167000.0,594000.0,-5607000.0,-4124000.0,5672000.0,8911973.0,10089008.0,9998733.0,11050165.0,12778742.0,9700000.0,7300000.0
,otherNonCashItems,249750000.0,58639000.0,-44872000.0,-8101000.0,138098000.0,8333000.0,-5569000.0,-7933000.0,-41498000.0,24483000.0,11183000.0,44770000.0,-43272000.0,-10547000.0,-20692000.0,20254000.0,11689000.0,-3020000.0,12690000.0,-18633000.0,7696000.0,6863973.0,46512.0,-1483552.0,799671.0,470984.0,-3054090.0,-2400000.0,300000.0
,netCashProvidedByOperatingActivites,302867000.0,259145000.0,265647000.0,222930000.0,161526000.0,119321000.0,114993000.0,94264000.0,96974000.0,80927000.0,75204000.0,74073000.0,50074000.0,43743000.0,34350000.0,37249000.0,34416000.0,53609000.0,30769000.0,16756000.0,15203000.0,16006000.0,11024438.0,8470824.0,8740053.0,8161293.0,7553285.0,6600000.0,7300000.0
,,,,,,,,,,,,,,,,,,,,,,,,,,,,,,,,,,,,,,,,,,,,,,,,,,,,,,,,,,,,,,,,,,,,,,,,,,,,,,,,,,,,,,,,,,,,,,,,,,,,,
CashProvidedByInvestingActivites,,,,,,,,,,,,,,,,,,,,,,,,,,,,,,,,,,,,,,,,,,,,,,,,,,,,,,,,,,,,,,,,,,,,,,,,,,,,,,,,,,,,,,,,,,,,,,,,,,,,,
,investmentsInPropertyPlantAndEquipment,0.0,0.0,-136641000.0,-146489000.0,-173231000.0,-69679000.0,-68232000.0,-117028000.0,-89053000.0,-74663000.0,-55936000.0,-53208000.0,-65569000.0,-29084000.0,-21195000.0,-29527000.0,-34095000.0,-12476000.0,-22612000.0,-28395000.0,-44267000.0,-15733000.0,-13664692.0,-10687958.0,-15217862.0,-6736514.0,-3688292.0,-3800000.0,-7200000.0
,acquisitionsNet,-1890000.0,-10000000.0,-52000000.0,-6000000.0,-657354000.0,0.0,0.0,0.0,0.0,0.0,-158998000.0,-601000.0,-10886000.0,0.0,0.0,-600000.0,-9153000.0,0.0,0.0,0.0,0.0,0.0,0.0,0.0,0.0,0.0,0.0,0.0,0.0
,purchasesOfInvestments,0.0,0.0,0.0,0.0,0.0,0.0,0.0,-12000.0,0.0,-84000.0,-127000.0,-608000.0,-551000.0,-2872000.0,-453000.0,-536000.0,-736000.0,-796000.0,-1775000.0,-1250000.0,0.0,0.0,0.0,-2436818.0,-1134528.0,-1252016.0,0.0,0.0,0.0
,salesMaturitiesOfInvestments,0.0,0.0,1000.0,14000.0,2895000.0,54000.0,43000.0,121000.0,1227000.0,475000.0,62000.0,611000.0,712000.0,959000.0,11489000.0,403000.0,416000.0,714000.0,3301000.0,5842000.0,4828000.0,921000.0,0.0,3374877.0,0.0,0.0,1482165.0,0.0,0.0
,otherInvestingActivites,-153698000.0,-155334000.0,840000.0,980000.0,7677000.0,363000.0,551000.0,356000.0,3905000.0,3661000.0,4258000.0,1523000.0,611000.0,403000.0,323000.0,147000.0,39000.0,109000.0,77000.0,1615000.0,154000.0,-593000.0,2441591.0,1710484.0,-7242559.0,-1403559.0,-3001656.0,300000.0,900000.0
,netCashUsedForInvestingActivites,-155588000.0,-165334000.0,-187800000.0,-151495000.0,-820013000.0,-69262000.0,-67638000.0,-116563000.0,-83921000.0,-70611000.0,-210741000.0,-52283000.0,-75683000.0,-30594000.0,-9836000.0,-30113000.0,-43529000.0,-12449000.0,-21009000.0,-22188000.0,-39285000.0,-15405000.0,-11223101.0,-8039415.0,-23594949.0,-9392089.0,-5207783.0,-3500000.0,-6300000.0
,,,,,,,,,,,,,,,,,,,,,,,,,,,,,,,,,,,,,,,,,,,,,,,,,,,,,,,,,,,,,,,,,,,,,,,,,,,,,,,,,,,,,,,,,,,,,,,,,,,,,
CashProvidedByFinancingingActivites,,,,,,,,,,,,,,,,,,,,,,,,,,,,,,,,,,,,,,,,,,,,,,,,,,,,,,,,,,,,,,,,,,,,,,,,,,,,,,,,,,,,,,,,,,,,,,,,,,,,,
,debtRepayment,0.0,-53197000.0,-66264000.0,-36375000.0,-213793000.0,-23000000.0,-5750000.0,-1977000.0,-178397000.0,-14538000.0,-28620000.0,-15399000.0,-4248000.0,0.0,0.0,0.0,0.0,0.0,0.0,0.0,0.0,0.0,-503814.0,-553729.0,-493403.0,-430151.0,-1253259.0,0.0,0.0
,commonStockIssued,0.0,0.0,0.0,0.0,3373000.0,1007000.0,1147000.0,0.0,0.0,0.0,0.0,0.0,0.0,1048000.0,1368000.0,1169000.0,586000.0,487000.0,296000.0,133000.0,83000.0,0.0,0.0,0.0,0.0,0.0,0.0,0.0,0.0
,commonStockRepurchased,0.0,-7231000.0,0.0,0.0,-5097000.0,-1885000.0,-1785000.0,-1600000.0,-143000.0,-92000.0,0.0,0.0,0.0,-636000.0,0.0,0.0,0.0,0.0,0.0,0.0,0.0,0.0,-100000.0,0.0,0.0,0.0,0.0,0.0,0.0
,dividendsPaid,-16424000.0,-13943000.0,-12866000.0,-12257000.0,-11705000.0,-11085000.0,-10761000.0,-8191000.0,-7403000.0,-7320000.0,-7313000.0,-7007000.0,-6520000.0,-5803000.0,-5334000.0,-3532000.0,-3279000.0,-2960000.0,-2794000.0,-2635000.0,-2481000.0,-2103000.0,-1915435.0,-1617127.0,-1579519.0,-1805165.0,-1410285.0,-1100000.0,-1000000.0
,otherFinancingActivites,-37109000.0,-2875000.0,7784000.0,19589000.0,845090000.0,-7201000.0,395000.0,1297000.0,228102000.0,55000.0,186869000.0,7430000.0,24372000.0,-3953000.0,-9680000.0,-16373000.0,-2718000.0,-12200000.0,-7090000.0,6974000.0,22457000.0,3767000.0,2405500.0,3179500.0,14584839.0,998000.0,893000.0,1400000.0,-100000.0
,netCashUsedProvidedByFinancingActivities,-53533000.0,-77246000.0,-71346000.0,-29043000.0,617868000.0,-42164000.0,-16754000.0,-10471000.0,42159000.0,-21895000.0,150936000.0,-14976000.0,13604000.0,-9344000.0,-13646000.0,-18736000.0,-5411000.0,-14673000.0,-9588000.0,4472000.0,20059000.0,1664000.0,-113749.0,1008644.0,12511917.0,-1237316.0,-1770544.0,300000.0,-1100000.0
,,,,,,,,,,,,,,,,,,,,,,,,,,,,,,,,,,,,,,,,,,,,,,,,,,,,,,,,,,,,,,,,,,,,,,,,,,,,,,,,,,,,,,,,,,,,,,,,,,,,,
Other,,,,,,,,,,,,,,,,,,,,,,,,,,,,,,,,,,,,,,,,,,,,,,,,,,,,,,,,,,,,,,,,,,,,,,,,,,,,,,,,,,,,,,,,,,,,,,,,,,,,,
,effectOfForexChangesOnCash,0.0,0.0,0.0,0.0,0.0,0.0,0.0,0.0,0.0,0.0,0.0,0.0,0.0,0.0,0.0,0.0,0.0,0.0,0.0,0.0,0.0,0.0,0.0,0.0,0.0,0.0,0.0,0.0,0.0
,,,,,,,,,,,,,,,,,,,,,,,,,,,,,,,,,,,,,,,,,,,,,,,,,,,,,,,,,,,,,,,,,,,,,,,,,,,,,,,,,,,,,,,,,,,,,,,,,,,,,
Cash&CashFlow,,,,,,,,,,,,,,,,,,,,,,,,,,,,,,,,,,,,,,,,,,,,,,,,,,,,,,,,,,,,,,,,,,,,,,,,,,,,,,,,,,,,,,,,,,,,,,,,,,,,,
,netChangeInCash,93746000.0,16565000.0,6501000.0,42392000.0,-40619000.0,7895000.0,30601000.0,-32770000.0,55212000.0,-11579000.0,15399000.0,6814000.0,-12005000.0,3805000.0,10868000.0,-11600000.0,-14524000.0,26487000.0,172000.0,-960000.0,-4023000.0,2265000.0,-312412.0,1440053.0,-2342979.0,-2468112.0,574958.0,3400000.0,-200000.0
,cashAtEndOfPeriod,195397000.0,101651000.0,85086000.0,78585000.0,36193000.0,76812000.0,68917000.0,38316000.0,71086000.0,15874000.0,27453000.0,12054000.0,5240000.0,17245000.0,13440000.0,2572000.0,14172000.0,28696000.0,2209000.0,2173000.0,3133000.0,7156000.0,4891109.0,5203521.0,3763468.0,6106447.0,6270849.0,5900000.0,-200000.0
,cashAtBeginningOfPeriod,101651000.0,85086000.0,78585000.0,36193000.0,76812000.0,68917000.0,38316000.0,71086000.0,15874000.0,27453000.0,12054000.0,5240000.0,17245000.0,13440000.0,2572000.0,14172000.0,28696000.0,2209000.0,2037000.0,3133000.0,7156000.0,4891000.0,5203521.0,3763468.0,6106447.0,8574559.0,5695891.0,2500000.0,0.0
,operatingCashFlow,302867000.0,259145000.0,265647000.0,222930000.0,161526000.0,119321000.0,114993000.0,94264000.0,96974000.0,80927000.0,75204000.0,74073000.0,50074000.0,43743000.0,34350000.0,37249000.0,34416000.0,53609000.0,30769000.0,16756000.0,15203000.0,16006000.0,11024438.0,8470824.0,8740053.0,8161293.0,7553285.0,6600000.0,7300000.0
,capitalExpenditure,-120450000.0,-155534000.0,-136641000.0,-146489000.0,-173231000.0,-69679000.0,-68232000.0,-117028000.0,-89053000.0,-74663000.0,-55936000.0,-53208000.0,-65569000.0,-29084000.0,-21195000.0,-29527000.0,-34095000.0,-12476000.0,-22612000.0,-28395000.0,-44267000.0,-15733000.0,-13664692.0,-10687958.0,-15217862.0,-6736514.0,-3688292.0,-3800000.0,-7200000.0
,freeCashFlow,182417000.0,103611000.0,129006000.0,76441000.0,-11705000.0,49642000.0,46761000.0,-22764000.0,7921000.0,6264000.0,19268000.0,20865000.0,-15495000.0,14659000.0,13155000.0,7722000.0,321000.0,41133000.0,8157000.0,-11639000.0,-29064000.0,273000.0,-2640254.0,-2217134.0,-6477809.0,1424779.0,3864993.0,2800000.0,100000.0
