date,,2020-12-31_FY,2019-12-31_FY,2018-12-31_FY,2017-12-31_FY,2016-12-31_FY,2015-12-31_FY,2014-12-31_FY,2013-12-31_FY,2012-12-31_FY,2011-12-31_FY,2010-12-31_FY,2009-12-31_FY,2008-12-31_FY,2007-12-31_FY,2006-12-31_FY,2005-12-31_FY,2004-12-31_FY,2003-12-31_FY,2002-12-31_FY,2001-12-31_FY,2000-12-31_FY,1999-12-31_FY,1998-12-31_FY,1997-12-31_FY,1996-12-31_FY,1995-12-31_FY,1994-12-31_FY,1993-12-31_FY,1992-12-31_FY,1991-12-31_FY,1990-12-31_FY,1989-12-31_FY
,,,,,,,,,,,,,,,,,,,,,,,,,,,,,,,,,,,,,,,,,,,,,,,,,,,,,,,,,,,,,,,,,,,,,,,,,,,,,,,,,,,,,,,,,,,,,,,,,,,,,
CashProvidedByOperatingActivites,,,,,,,,,,,,,,,,,,,,,,,,,,,,,,,,,,,,,,,,,,,,,,,,,,,,,,,,,,,,,,,,,,,,,,,,,,,,,,,,,,,,,,,,,,,,,,,,,,,,,
,netIncome,269333000.0,-18378000.0,20381000.0,-13106000.0,67235000.0,-82477000.0,10529000.0,-474000.0,40188000.0,-15537000.0,130509000.0,-209605000.0,-476590000.0,-1621000.0,353220000.0,249153000.0,303811000.0,270815000.0,188297000.0,137963000.0,163453000.0,146900000.0,131200000.0,157700000.0,157400000.0,133378000.0,122683000.0,128686000.0,83900000.0,64600000.0,48000000.0,89300000.0
,depreciationAndAmortization,107155000.0,86986000.0,63987000.0,56343000.0,58581000.0,51952000.0,49070000.0,47762000.0,49332000.0,40069000.0,44894000.0,45172000.0,46972000.0,158566000.0,115099000.0,91204000.0,71827000.0,68087000.0,62768000.0,99127000.0,109165000.0,103900000.0,103800000.0,77600000.0,69400000.0,66590000.0,116267000.0,120878000.0,-121900000.0,-112100000.0,-153400000.0,-148400000.0
,deferredIncomeTax,80641000.0,-4665000.0,19354000.0,-16084000.0,39267000.0,-26831000.0,7499000.0,-5065000.0,8297000.0,9786000.0,25822000.0,45271000.0,-319754000.0,45785000.0,17319000.0,52370000.0,61495000.0,53263000.0,44932000.0,14068000.0,-3119000.0,14800000.0,10300000.0,28900000.0,13700000.0,3814000.0,2743000.0,37308000.0,16900000.0,16000000.0,4300000.0,19600000.0
,stockBasedCompensation,17859000.0,14912000.0,10741000.0,15872000.0,11127000.0,10125000.0,7966000.0,7148000.0,8223000.0,7197000.0,8892000.0,7131000.0,0.0,0.0,0.0,0.0,0.0,0.0,0.0,0.0,0.0,0.0,0.0,0.0,0.0,0.0,0.0,0.0,0.0,0.0,0.0,0.0
,changeInWorkingCapital,34094000.0,5006000.0,-121788000.0,152982000.0,58957000.0,-11315000.0,-94811000.0,32266000.0,56305000.0,-23733000.0,101180000.0,24963000.0,-482039000.0,103940000.0,27906000.0,180193000.0,36474000.0,157540000.0,528791000.0,-445862000.0,91209000.0,25000000.0,-74300000.0,-36500000.0,-82526000.0,29922000.0,0.0,0.0,6200000.0,22800000.0,-2200000.0,-3400000.0
,accountsReceivables,-40524000.0,-104956000.0,-22130000.0,-22522000.0,-20630000.0,-21389000.0,3855000.0,-14064000.0,10181000.0,0.0,0.0,37218000.0,0.0,0.0,0.0,0.0,0.0,0.0,0.0,0.0,0.0,0.0,0.0,0.0,0.0,0.0,0.0,0.0,0.0,0.0,0.0,0.0
,inventory,0.0,0.0,0.0,0.0,0.0,0.0,0.0,0.0,346000.0,1076000.0,-870000.0,5286000.0,-3506000.0,1927000.0,-615000.0,0.0,0.0,0.0,0.0,0.0,0.0,0.0,0.0,1500000.0,100000.0,0.0,0.0,0.0,0.0,0.0,0.0,0.0
,accountsPayables,19520000.0,1572000.0,965000.0,-7259000.0,-1550000.0,-2586000.0,4248000.0,-6800000.0,5631000.0,-16745000.0,12067000.0,-27152000.0,0.0,0.0,0.0,0.0,0.0,0.0,0.0,0.0,0.0,0.0,0.0,0.0,0.0,0.0,0.0,0.0,0.0,0.0,0.0,0.0
,otherWorkingCapital,37210000.0,277964000.0,272958000.0,394746000.0,241764000.0,182807000.0,194122000.0,288933000.0,256667000.0,200362000.0,224095000.0,122915000.0,97952000.0,579991000.0,476051000.0,448145000.0,267952000.0,231478000.0,73938000.0,-454853000.0,-8991000.0,-100200000.0,-125200000.0,-50900000.0,-14400000.0,68126000.0,38204000.0,0.0,0.0,0.0,0.0,0.0
,otherNonCashItems,-38644000.0,13761000.0,-14195000.0,-23211000.0,5605000.0,58913000.0,9606000.0,11287000.0,9946000.0,7299000.0,-8196000.0,4047000.0,978893000.0,400823000.0,50274000.0,-1325000.0,4085000.0,4640000.0,0.0,12000.0,0.0,-46200000.0,-8700000.0,4300000.0,-3800000.0,51857000.0,7164000.0,-60026000.0,273100000.0,231200000.0,316100000.0,305200000.0
,netCashProvidedByOperatingActivites,277394000.0,-27452000.0,140911000.0,40852000.0,146493000.0,8870000.0,102055000.0,33505000.0,172582000.0,14787000.0,65971000.0,78658000.0,309283000.0,595411000.0,554940000.0,446880000.0,386164000.0,327138000.0,212945000.0,206067000.0,255743000.0,193500000.0,236600000.0,196900000.0,241300000.0,215850000.0,248857000.0,226846000.0,204800000.0,210600000.0,199100000.0,221100000.0
,,,,,,,,,,,,,,,,,,,,,,,,,,,,,,,,,,,,,,,,,,,,,,,,,,,,,,,,,,,,,,,,,,,,,,,,,,,,,,,,,,,,,,,,,,,,,,,,,,,,,
CashProvidedByInvestingActivites,,,,,,,,,,,,,,,,,,,,,,,,,,,,,,,,,,,,,,,,,,,,,,,,,,,,,,,,,,,,,,,,,,,,,,,,,,,,,,,,,,,,,,,,,,,,,,,,,,,,,
,investmentsInPropertyPlantAndEquipment,-44949000.0,-61043000.0,-53253000.0,-17932000.0,-27948000.0,-23105000.0,-19008000.0,-20522000.0,-30210000.0,-12183000.0,-18241000.0,-39750000.0,-84101000.0,-127787000.0,-103098000.0,-72121000.0,-76775000.0,-89251000.0,-88400000.0,-68223000.0,-74577000.0,-79800000.0,-67000000.0,-56600000.0,-53300000.0,-57300000.0,-95568000.0,-103864000.0,-157700000.0,-282100000.0,-87600000.0,-86700000.0
,acquisitionsNet,77000000.0,-1190000000.0,-149000000.0,-281000000.0,-44000000.0,-47000000.0,-149000000.0,0.0,0.0,-216000000.0,0.0,0.0,0.0,-2000000.0,-5000000.0,-547000000.0,0.0,0.0,0.0,0.0,0.0,0.0,0.0,0.0,0.0,0.0,0.0,0.0,0.0,0.0,0.0,0.0
,purchasesOfInvestments,-8309000.0,-1871000.0,-558000.0,-836000.0,-2128000.0,-7658000.0,-2653000.0,-1575000.0,-5066000.0,-9045000.0,-1673000.0,-3366000.0,-688000.0,-41959000.0,0.0,0.0,-8637000.0,0.0,-118261000.0,-40879000.0,-139056000.0,0.0,0.0,0.0,0.0,0.0,0.0,0.0,-6600000.0,-4000000.0,-9000000.0,0.0
,salesMaturitiesOfInvestments,0.0,0.0,0.0,0.0,0.0,0.0,0.0,0.0,0.0,2650000.0,12180000.0,9422000.0,60885000.0,10594000.0,14105000.0,14553000.0,16214000.0,0.0,507000.0,14550000.0,50940000.0,20600000.0,32400000.0,2700000.0,22300000.0,0.0,0.0,0.0,0.0,0.0,0.0,0.0
,otherInvestingActivites,117422000.0,13693000.0,3837000.0,12886000.0,92000.0,1828000.0,3407000.0,2214000.0,3118000.0,-7510000.0,0.0,0.0,0.0,7194000.0,25121000.0,-1699000.0,936000.0,-217000.0,14909000.0,-59845000.0,10789000.0,-57600000.0,-48200000.0,-721300000.0,-134600000.0,-50778000.0,19982000.0,108489000.0,38200000.0,2600000.0,22700000.0,-11000000.0
,netCashUsedForInvestingActivites,55178000.0,-1264507000.0,-206672000.0,-296567000.0,-73428000.0,-59551000.0,-160537000.0,-19883000.0,-32424000.0,-240493000.0,-7818000.0,-33593000.0,-23735000.0,-185394000.0,-462139000.0,-606274000.0,-385595000.0,-86693000.0,-191245000.0,-154397000.0,-151904000.0,-116800000.0,-82800000.0,-775200000.0,-165600000.0,-133091000.0,-75586000.0,4625000.0,-126100000.0,-283500000.0,-73900000.0,-97700000.0
,,,,,,,,,,,,,,,,,,,,,,,,,,,,,,,,,,,,,,,,,,,,,,,,,,,,,,,,,,,,,,,,,,,,,,,,,,,,,,,,,,,,,,,,,,,,,,,,,,,,,
CashProvidedByFinancingingActivites,,,,,,,,,,,,,,,,,,,,,,,,,,,,,,,,,,,,,,,,,,,,,,,,,,,,,,,,,,,,,,,,,,,,,,,,,,,,,,,,,,,,,,,,,,,,,,,,,,,,,
,debtRepayment,-10612000.0,-8728000.0,-5656000.0,-393927000.0,-6635000.0,-122406000.0,-2000000.0,-196100000.0,-15900000.0,0.0,-34900000.0,-25250000.0,0.0,0.0,0.0,0.0,0.0,0.0,0.0,0.0,0.0,0.0,0.0,0.0,0.0,-29703000.0,-137885000.0,-194086000.0,-100600000.0,-149700000.0,-11000000.0,-50000000.0
,commonStockIssued,0.0,0.0,0.0,0.0,0.0,0.0,0.0,0.0,0.0,0.0,0.0,0.0,15097000.0,15903000.0,32198000.0,32345000.0,28108000.0,0.0,0.0,0.0,0.0,1700000.0,0.0,0.0,0.0,0.0,0.0,0.0,0.0,0.0,0.0,0.0
,commonStockRepurchased,0.0,-584000.0,-32323000.0,-17885000.0,-44401000.0,-16222000.0,-21237000.0,-74199000.0,-23564000.0,-51383000.0,0.0,0.0,-19031000.0,-57515000.0,-65323000.0,-36822000.0,0.0,0.0,0.0,-22449000.0,-4571000.0,-35000000.0,-108400000.0,-25700000.0,0.0,0.0,0.0,0.0,0.0,0.0,-84900000.0,-39600000.0
,dividendsPaid,-16574000.0,-16374000.0,-16395000.0,0.0,0.0,-59523000.0,0.0,0.0,0.0,0.0,0.0,0.0,-53957000.0,-88205000.0,-76806000.0,-111177000.0,-65006000.0,-50464000.0,-51143000.0,-50784000.0,-47202000.0,-47100000.0,-46500000.0,-46000000.0,-44500000.0,-42581000.0,-37274000.0,-38330000.0,-36000000.0,-35300000.0,-36300000.0,-32100000.0
,otherFinancingActivites,-24635000.0,-17663000.0,-2480000.0,-17087000.0,-6939000.0,-7254000.0,2344000.0,-11334000.0,-4156000.0,-14460000.0,-2528000.0,-13662000.0,6410000.0,-77974000.0,-33018000.0,-11847000.0,6480000.0,29133000.0,26506000.0,15668000.0,5548000.0,100000.0,5000000.0,3000000.0,7900000.0,2937000.0,-109000.0,575000.0,-50800000.0,123800000.0,-96400000.0,-90100000.0
,netCashUsedProvidedByFinancingActivities,998179000.0,1217826000.0,-54997000.0,272562000.0,-53334000.0,1844000.0,-4314000.0,-35009000.0,-25405000.0,148671000.0,-29034000.0,-36036000.0,-260398000.0,-469240000.0,-203848000.0,166358000.0,-6517000.0,-237726000.0,-23611000.0,-48363000.0,-100183000.0,-81600000.0,-153700000.0,582500000.0,-95600000.0,-69347000.0,-175268000.0,-231841000.0,-86800000.0,88500000.0,-132700000.0,-122200000.0
,,,,,,,,,,,,,,,,,,,,,,,,,,,,,,,,,,,,,,,,,,,,,,,,,,,,,,,,,,,,,,,,,,,,,,,,,,,,,,,,,,,,,,,,,,,,,,,,,,,,,
Other,,,,,,,,,,,,,,,,,,,,,,,,,,,,,,,,,,,,,,,,,,,,,,,,,,,,,,,,,,,,,,,,,,,,,,,,,,,,,,,,,,,,,,,,,,,,,,,,,,,,,
,effectOfForexChangesOnCash,58000.0,-13000.0,-15000.0,0.0,0.0,0.0,0.0,0.0,0.0,0.0,0.0,0.0,-75000.0,-522000.0,1616000.0,0.0,0.0,0.0,0.0,0.0,0.0,0.0,0.0,0.0,0.0,0.0,0.0,0.0,0.0,0.0,0.0,0.0
,,,,,,,,,,,,,,,,,,,,,,,,,,,,,,,,,,,,,,,,,,,,,,,,,,,,,,,,,,,,,,,,,,,,,,,,,,,,,,,,,,,,,,,,,,,,,,,,,,,,,
Cash&CashFlow,,,,,,,,,,,,,,,,,,,,,,,,,,,,,,,,,,,,,,,,,,,,,,,,,,,,,,,,,,,,,,,,,,,,,,,,,,,,,,,,,,,,,,,,,,,,,,,,,,,,,
,netChangeInCash,1593053000.0,-74146000.0,-41585000.0,14347000.0,19731000.0,-50398000.0,-62796000.0,-21387000.0,114753000.0,-77035000.0,197243000.0,9029000.0,-13724000.0,1182000.0,11207000.0,6964000.0,-5948000.0,2719000.0,-1911000.0,3307000.0,3656000.0,-4900000.0,0.0,0.0,-19855000.0,13412000.0,-1997000.0,-370000.0,0.0,0.0,0.0,0.0
,cashAtEndOfPeriod,1626021000.0,32968000.0,107114000.0,148699000.0,134352000.0,108061000.0,158459000.0,221255000.0,242642000.0,127889000.0,204924000.0,14405000.0,5376000.0,31632000.0,30450000.0,19243000.0,12279000.0,18227000.0,15508000.0,17419000.0,14112000.0,10500000.0,0.0,0.0,10145000.0,30021000.0,16609000.0,18606000.0,0.0,0.0,0.0,0.0
,cashAtBeginningOfPeriod,32968000.0,107114000.0,148699000.0,134352000.0,114621000.0,158459000.0,221255000.0,242642000.0,127889000.0,204924000.0,7681000.0,5376000.0,19100000.0,30450000.0,19243000.0,12279000.0,18227000.0,15508000.0,17419000.0,14112000.0,10456000.0,15400000.0,14300000.0,10100000.0,30000000.0,16609000.0,18606000.0,18976000.0,27100000.0,11600000.0,19100000.0,17800000.0
,operatingCashFlow,277394000.0,-27452000.0,140911000.0,40852000.0,146493000.0,8870000.0,102055000.0,33505000.0,172582000.0,14787000.0,65971000.0,78658000.0,309283000.0,595411000.0,554940000.0,446880000.0,386164000.0,327138000.0,212945000.0,206067000.0,255743000.0,193500000.0,236600000.0,196900000.0,241300000.0,215850000.0,248857000.0,226846000.0,204800000.0,210600000.0,199100000.0,221100000.0
,capitalExpenditure,-46832000.0,-85907000.0,-60482000.0,-27677000.0,-27948000.0,-23105000.0,-19008000.0,-20522000.0,-30210000.0,-12183000.0,-19091000.0,-39750000.0,-84101000.0,-127787000.0,-103098000.0,-72121000.0,-76775000.0,-89251000.0,-88400000.0,-68223000.0,-74577000.0,-79800000.0,-67000000.0,-56600000.0,-53300000.0,-57300000.0,-95568000.0,-103864000.0,-157700000.0,-282100000.0,-87600000.0,-86700000.0
,freeCashFlow,230562000.0,-113359000.0,80429000.0,13175000.0,118545000.0,-14235000.0,83047000.0,12983000.0,142372000.0,2604000.0,46880000.0,38908000.0,225182000.0,467624000.0,451842000.0,374759000.0,309389000.0,237887000.0,124545000.0,137844000.0,181166000.0,113700000.0,169600000.0,140300000.0,188000000.0,158550000.0,153289000.0,122982000.0,47100000.0,-71500000.0,111500000.0,134400000.0
