date,,2020-12-31_FY,2019-12-31_FY,2018-12-31_FY,2017-12-31_FY,2016-12-31_FY,2015-12-31_FY,2014-12-31_FY,2013-12-31_FY,2012-12-31_FY,2011-12-31_FY,2010-12-31_FY,2009-12-31_FY,2008-12-31_FY,2007-12-31_FY,2006-12-31_FY,2005-12-31_FY,2004-12-31_FY,2003-12-31_FY,2002-12-31_FY,2001-12-31_FY,2000-12-31_FY,1999-12-31_FY,1998-12-31_FY,1997-12-31_FY,1996-12-31_FY,1995-12-31_FY,1994-12-31_FY,1993-12-31_FY,1992-12-31_FY,1991-12-31_FY
,,,,,,,,,,,,,,,,,,,,,,,,,,,,,,,,,,,,,,,,,,,,,,,,,,,,,,,,,,,,,,,,,,,,,,,,,,,,,,,,,,,,,,,,,,,,,,,,,,,,,
CashProvidedByOperatingActivites,,,,,,,,,,,,,,,,,,,,,,,,,,,,,,,,,,,,,,,,,,,,,,,,,,,,,,,,,,,,,,,,,,,,,,,,,,,,,,,,,,,,,,,,,,,,,,,,,,,,,
,netIncome,13100000.0,87400000.0,12800000.0,-10700000.0,21000000.0,51200000.0,107400000.0,60800000.0,10700000.0,-146800000.0,24500000.0,10200000.0,-31100000.0,119100000.0,120400000.0,125900000.0,110000000.0,63622000.0,36995000.0,20615000.0,47714000.0,42816000.0,37497000.0,33959000.0,22602000.0,25500000.0,14700000.0,13800000.0,9300000.0,8700000.0
,depreciationAndAmortization,10600000.0,9400000.0,8900000.0,12500000.0,14600000.0,15700000.0,11700000.0,13500000.0,7100000.0,5300000.0,8800000.0,11800000.0,10600000.0,11000000.0,9600000.0,9300000.0,8700000.0,8836000.0,5616000.0,3036000.0,3548000.0,3257000.0,2666000.0,862000.0,764000.0,600000.0,600000.0,500000.0,100000.0,-200000.0
,deferredIncomeTax,0.0,0.0,0.0,0.0,0.0,0.0,0.0,0.0,0.0,0.0,0.0,0.0,0.0,0.0,0.0,0.0,0.0,0.0,0.0,0.0,0.0,0.0,0.0,0.0,0.0,0.0,0.0,0.0,0.0,-100000.0
,stockBasedCompensation,900000.0,6100000.0,11100000.0,4200000.0,3700000.0,4500000.0,3600000.0,4100000.0,3500000.0,3200000.0,3700000.0,3700000.0,5500000.0,0.0,0.0,0.0,0.0,0.0,0.0,0.0,0.0,0.0,0.0,0.0,0.0,0.0,0.0,0.0,0.0,0.0
,changeInWorkingCapital,51700000.0,70900000.0,74600000.0,-76000000.0,-109900000.0,-77900000.0,-176600000.0,35100000.0,2500000.0,97200000.0,-157500000.0,-92900000.0,-200600000.0,15100000.0,135200000.0,-83000000.0,-148500000.0,-79500000.0,-131900000.0,-455300000.0,-69700000.0,-20100000.0,-376700000.0,0.0,455000.0,10400000.0,12200000.0,-300000.0,20800000.0,6700000.0
,accountsReceivables,-11900000.0,-9000000.0,-2600000.0,200000.0,3000000.0,3000000.0,-1900000.0,3600000.0,16000000.0,0.0,0.0,0.0,0.0,3300000.0,64800000.0,4400000.0,9300000.0,21718000.0,35094000.0,-8301000.0,-1034000.0,-8700000.0,3000000.0,-6400000.0,-2300000.0,-4500000.0,100000.0,-1400000.0,-3600000.0,-600000.0
,inventory,0.0,0.0,0.0,0.0,0.0,0.0,0.0,0.0,0.0,0.0,0.0,0.0,0.0,0.0,0.0,0.0,0.0,0.0,0.0,0.0,0.0,0.0,0.0,0.0,0.0,0.0,0.0,0.0,0.0,0.0
,accountsPayables,-16600000.0,-80300000.0,-108800000.0,74000000.0,128600000.0,69800000.0,23300000.0,17700000.0,35100000.0,0.0,0.0,0.0,0.0,2300000.0,-114100000.0,47300000.0,33200000.0,59876000.0,70827000.0,60362000.0,-3360000.0,3600000.0,-2300000.0,-3000000.0,2900000.0,9700000.0,6000000.0,1500000.0,14700000.0,4300000.0
,otherWorkingCapital,25800000.0,-1825500000.0,-1896400000.0,-1971000000.0,-1895000000.0,-1785100000.0,-1707200000.0,-1530600000.0,-1565700000.0,-1568200000.0,-1665400000.0,-1507900000.0,-1415000000.0,-1214400000.0,-1229500000.0,-1364700000.0,-1281700000.0,-1133200000.0,-1053700000.0,-921800000.0,-466500000.0,-396800000.0,-376700000.0,0.0,0.0,0.0,0.0,0.0,0.0,0.0
,otherNonCashItems,0.0,0.0,0.0,0.0,0.0,63500000.0,0.0,0.0,-336900000.0,69100000.0,3700000.0,0.0,92000000.0,2200000.0,1400000.0,48400000.0,-7600000.0,-10623000.0,-5909000.0,6615000.0,41460000.0,8864000.0,16783000.0,-543000.0,-1401000.0,41100000.0,-8500000.0,2000000.0,38600000.0,-1400000.0
,netCashProvidedByOperatingActivites,49000000.0,-43900000.0,-13400000.0,67900000.0,113500000.0,149800000.0,75600000.0,72100000.0,-285600000.0,43000000.0,131400000.0,110500000.0,183500000.0,121600000.0,93500000.0,226300000.0,147600000.0,137959000.0,126620000.0,63453000.0,87665000.0,48935000.0,56710000.0,24899000.0,22420000.0,76400000.0,17500000.0,15200000.0,67300000.0,12900000.0
,,,,,,,,,,,,,,,,,,,,,,,,,,,,,,,,,,,,,,,,,,,,,,,,,,,,,,,,,,,,,,,,,,,,,,,,,,,,,,,,,,,,,,,,,,,,,,,,,,,,,
CashProvidedByInvestingActivites,,,,,,,,,,,,,,,,,,,,,,,,,,,,,,,,,,,,,,,,,,,,,,,,,,,,,,,,,,,,,,,,,,,,,,,,,,,,,,,,,,,,,,,,,,,,,,,,,,,,,
,investmentsInPropertyPlantAndEquipment,0.0,0.0,0.0,0.0,0.0,-100000.0,0.0,0.0,0.0,0.0,-100000.0,-100000.0,-500000.0,-800000.0,-200000.0,0.0,-1300000.0,-311000.0,-56000.0,-1056000.0,-2066000.0,-3459000.0,-2816000.0,-802000.0,-99000.0,-400000.0,0.0,0.0,0.0,0.0
,acquisitionsNet,0.0,0.0,0.0,0.0,0.0,0.0,0.0,0.0,0.0,0.0,0.0,0.0,0.0,0.0,0.0,0.0,0.0,0.0,0.0,0.0,0.0,0.0,0.0,0.0,0.0,0.0,0.0,0.0,0.0,0.0
,purchasesOfInvestments,-757500000.0,-669300000.0,-442800000.0,-692700000.0,-733900000.0,-734800000.0,-552200000.0,-418200000.0,-684500000.0,-463500000.0,-654800000.0,-598100000.0,-342400000.0,-17100000.0,-395900000.0,-651300000.0,-550200000.0,-646253000.0,-531613000.0,-262706000.0,-203507000.0,-233335000.0,-210932000.0,-102918000.0,-134028000.0,-152600000.0,-87600000.0,-55400000.0,-121700000.0,-75800000.0
,salesMaturitiesOfInvestments,735500000.0,741800000.0,426800000.0,672200000.0,606300000.0,567200000.0,495700000.0,395000000.0,692300000.0,696500000.0,549800000.0,518000000.0,291400000.0,1800000.0,352900000.0,438600000.0,421100000.0,366374000.0,446057000.0,208508000.0,114643000.0,168332000.0,167151000.0,88461000.0,112955000.0,75700000.0,57900000.0,41900000.0,49500000.0,40900000.0
,otherInvestingActivites,0.0,0.0,0.0,0.0,0.0,0.0,0.0,0.0,0.0,0.0,0.0,-70000000.0,0.0,-70000000.0,0.0,0.0,0.0,0.0,0.0,0.0,0.0,11568000.0,-9000000.0,0.0,0.0,0.0,17400000.0,0.0,0.0,0.0
,netCashUsedForInvestingActivites,-21800000.0,74100000.0,-16000000.0,-20500000.0,-127600000.0,-167700000.0,-56500000.0,-23000000.0,9300000.0,246200000.0,-112600000.0,-150200000.0,-51500000.0,-86100000.0,-43200000.0,-212500000.0,-130400000.0,-280190000.0,-85612000.0,-55254000.0,-90930000.0,-56894000.0,-55597000.0,-15259000.0,-21172000.0,-77300000.0,-12300000.0,-13500000.0,-72200000.0,-34900000.0
,,,,,,,,,,,,,,,,,,,,,,,,,,,,,,,,,,,,,,,,,,,,,,,,,,,,,,,,,,,,,,,,,,,,,,,,,,,,,,,,,,,,,,,,,,,,,,,,,,,,,
CashProvidedByFinancingingActivites,,,,,,,,,,,,,,,,,,,,,,,,,,,,,,,,,,,,,,,,,,,,,,,,,,,,,,,,,,,,,,,,,,,,,,,,,,,,,,,,,,,,,,,,,,,,,,,,,,,,,
,debtRepayment,-81500000.0,0.0,-400000.0,0.0,0.0,0.0,0.0,-100000000.0,0.0,0.0,0.0,0.0,0.0,0.0,0.0,-45500000.0,0.0,-30000000.0,0.0,0.0,0.0,0.0,0.0,0.0,0.0,0.0,0.0,0.0,0.0,0.0
,commonStockIssued,3900000.0,5900000.0,15400000.0,10200000.0,2200000.0,6200000.0,3500000.0,4000000.0,1600000.0,2600000.0,3200000.0,3300000.0,4400000.0,4300000.0,7400000.0,4700000.0,5600000.0,4674000.0,9261000.0,2854000.0,1708000.0,1928000.0,1780000.0,2469000.0,1326000.0,1000000.0,800000.0,800000.0,600000.0,22600000.0
,commonStockRepurchased,-900000.0,-500000.0,-200000.0,-300000.0,-200000.0,-300000.0,-100000.0,-100000.0,0.0,0.0,0.0,0.0,-33200000.0,-22100000.0,0.0,0.0,0.0,-729000.0,-6261000.0,-388000.0,-301000.0,-46199000.0,0.0,0.0,0.0,0.0,0.0,0.0,0.0,0.0
,dividendsPaid,-17500000.0,-17400000.0,-17100000.0,-16900000.0,-16600000.0,-16500000.0,-16500000.0,-16100000.0,-22300000.0,-24100000.0,-24000000.0,-23800000.0,-23900000.0,-20500000.0,-15400000.0,-8600000.0,-2300000.0,-1961000.0,-1715000.0,-1566000.0,-1397000.0,-1315000.0,-1219000.0,-1059000.0,-933000.0,-800000.0,-700000.0,-1700000.0,-1800000.0,-800000.0
,otherFinancingActivites,0.0,0.0,-400000.0,0.0,200000.0,300000.0,0.0,-600000.0,0.0,0.0,0.0,0.0,300000.0,300000.0,2400000.0,0.0,3800000.0,-1260000.0,-6261000.0,-388000.0,0.0,0.0,0.0,0.0,0.0,0.0,0.0,0.0,0.0,0.0
,netCashUsedProvidedByFinancingActivities,-14500000.0,-12000000.0,-2300000.0,-7000000.0,7100000.0,-10300000.0,-13100000.0,-27800000.0,-20700000.0,-21500000.0,-20800000.0,-20500000.0,-52400000.0,-38000000.0,-5600000.0,-49400000.0,7100000.0,86188000.0,25024000.0,512000.0,10000.0,-86000.0,561000.0,1410000.0,393000.0,200000.0,100000.0,-900000.0,-1200000.0,21800000.0
,,,,,,,,,,,,,,,,,,,,,,,,,,,,,,,,,,,,,,,,,,,,,,,,,,,,,,,,,,,,,,,,,,,,,,,,,,,,,,,,,,,,,,,,,,,,,,,,,,,,,
Other,,,,,,,,,,,,,,,,,,,,,,,,,,,,,,,,,,,,,,,,,,,,,,,,,,,,,,,,,,,,,,,,,,,,,,,,,,,,,,,,,,,,,,,,,,,,,,,,,,,,,
,effectOfForexChangesOnCash,0.0,0.0,0.0,0.0,0.0,0.0,0.0,0.0,0.0,0.0,0.0,0.0,0.0,0.0,0.0,0.0,0.0,0.0,0.0,0.0,0.0,0.0,0.0,0.0,0.0,0.0,0.0,0.0,0.0,0.0
,,,,,,,,,,,,,,,,,,,,,,,,,,,,,,,,,,,,,,,,,,,,,,,,,,,,,,,,,,,,,,,,,,,,,,,,,,,,,,,,,,,,,,,,,,,,,,,,,,,,,
Cash&CashFlow,,,,,,,,,,,,,,,,,,,,,,,,,,,,,,,,,,,,,,,,,,,,,,,,,,,,,,,,,,,,,,,,,,,,,,,,,,,,,,,,,,,,,,,,,,,,,,,,,,,,,
,netChangeInCash,12700000.0,18200000.0,-31700000.0,40400000.0,-7000000.0,-28200000.0,6000000.0,21300000.0,-297000000.0,267700000.0,-2000000.0,-60200000.0,79600000.0,-2500000.0,44700000.0,-35600000.0,24300000.0,-56043000.0,66032000.0,8711000.0,-3255000.0,-8045000.0,1674000.0,11050000.0,1641000.0,0.0,0.0,0.0,0.0,0.0
,cashAtEndOfPeriod,90700000.0,78000000.0,59800000.0,91500000.0,51100000.0,58100000.0,86300000.0,80300000.0,59000000.0,356000000.0,88300000.0,90300000.0,150500000.0,70900000.0,73400000.0,28700000.0,64300000.0,40005000.0,96048000.0,30016000.0,21305000.0,24560000.0,32605000.0,23918000.0,12868000.0,0.0,0.0,0.0,0.0,0.0
,cashAtBeginningOfPeriod,78000000.0,59800000.0,91500000.0,51100000.0,58100000.0,86300000.0,80300000.0,59000000.0,356000000.0,88300000.0,90300000.0,150500000.0,70900000.0,73400000.0,28700000.0,64300000.0,40000000.0,96048000.0,30016000.0,21305000.0,24560000.0,32605000.0,30931000.0,12868000.0,11227000.0,12000000.0,6600000.0,5800000.0,11900000.0,12100000.0
,operatingCashFlow,49000000.0,-43900000.0,-13400000.0,67900000.0,113500000.0,149800000.0,75600000.0,72100000.0,-285600000.0,43000000.0,131400000.0,110500000.0,183500000.0,121600000.0,93500000.0,226300000.0,147600000.0,137959000.0,126620000.0,63453000.0,87665000.0,48935000.0,56710000.0,24899000.0,22420000.0,76400000.0,17500000.0,15200000.0,67300000.0,12900000.0
,capitalExpenditure,0.0,0.0,0.0,0.0,0.0,-100000.0,0.0,0.0,0.0,0.0,-100000.0,-100000.0,-500000.0,-800000.0,-200000.0,0.0,-1300000.0,-311000.0,-56000.0,-1056000.0,-2066000.0,-3459000.0,-2816000.0,-802000.0,-99000.0,-400000.0,0.0,0.0,0.0,0.0
,freeCashFlow,49000000.0,-43900000.0,-13400000.0,67900000.0,113500000.0,149700000.0,75600000.0,72100000.0,-285600000.0,43000000.0,131300000.0,110400000.0,183000000.0,120800000.0,93300000.0,226300000.0,146300000.0,137648000.0,126564000.0,62397000.0,85599000.0,45476000.0,53894000.0,24097000.0,22321000.0,76000000.0,17500000.0,15200000.0,67300000.0,12900000.0
