date,,2020-12-31_FY,2019-12-31_FY,2018-12-31_FY,2017-12-31_FY,2016-12-31_FY,2015-12-31_FY,2014-12-31_FY,2013-12-31_FY,2012-12-31_FY,2011-12-31_FY,2010-12-31_FY,2010-02-25_FY,2009-12-31_FY,2009-02-25_FY,2008-12-31_FY,2008-02-26_FY,2007-12-31_FY,2006-12-31_FY,2005-12-31_FY,2004-12-31_FY,2003-12-31_FY,2002-12-31_FY,2001-12-31_FY,2000-12-31_FY,1999-12-31_FY,1998-12-31_FY,1997-12-31_FY,1996-12-31_FY,1995-12-31_FY,1994-12-31_FY
,,,,,,,,,,,,,,,,,,,,,,,,,,,,,,,,,,,,,,,,,,,,,,,,,,,,,,,,,,,,,,,,,,,,,,,,,,,,,,,,,,,,,,,,,,,,,,,,,,,,,
CashProvidedByOperatingActivites,,,,,,,,,,,,,,,,,,,,,,,,,,,,,,,,,,,,,,,,,,,,,,,,,,,,,,,,,,,,,,,,,,,,,,,,,,,,,,,,,,,,,,,,,,,,,,,,,,,,,
,netIncome,-5176000000.0,13903000000.0,19370000000.0,29450000000.0,12976000000.0,13345000000.0,6224000000.0,18249000000.0,7264000000.0,3944000000.0,19864000000.0,12843000000.0,12535000000.0,12867000000.0,12867000000.0,11951000000.0,11951000000.0,7356000000.0,4786000000.0,5887000000.0,8505000000.0,5653000000.0,7242000000.0,7967000000.0,8159000000.0,4023000000.0,1474000000.0,2101000000.0,-930000000.0,1648700000.0
,depreciationAndAmortization,28516000000.0,28217000000.0,28430000000.0,24387000000.0,25847000000.0,22016000000.0,18273000000.0,18395000000.0,18143000000.0,18377000000.0,19379000000.0,19714000000.0,19714000000.0,19883000000.0,19883000000.0,21577000000.0,21577000000.0,9907000000.0,7643000000.0,7564000000.0,7870000000.0,8578000000.0,9077000000.0,9748000000.0,8553000000.0,5177000000.0,4922000000.0,2240000000.0,2169900000.0,2037800000.0
,deferredIncomeTax,1675000000.0,1806000000.0,610000000.0,-15940000000.0,2947000000.0,4117000000.0,1772000000.0,6242000000.0,1285000000.0,2937000000.0,-3280000000.0,2104000000.0,2104000000.0,5889000000.0,5889000000.0,-240000000.0,-271000000.0,-115000000.0,-679000000.0,614000000.0,3420000000.0,2440000000.0,2073000000.0,1093000000.0,976000000.0,461000000.0,134000000.0,133000000.0,420900000.0,-184600000.0
,stockBasedCompensation,0.0,0.0,0.0,0.0,0.0,0.0,0.0,0.0,0.0,0.0,0.0,0.0,0.0,0.0,0.0,-173000000.0,0.0,0.0,0.0,0.0,0.0,0.0,0.0,0.0,0.0,0.0,0.0,0.0,0.0,0.0
,changeInWorkingCapital,-13317000000.0,-1157000000.0,-10750000000.0,9964000000.0,-383000000.0,-6570000000.0,6545000000.0,-2718000000.0,-1314000000.0,6233000000.0,-1629000000.0,0.0,7363000000.0,0.0,-5146000000.0,0.0,341000000.0,-4165000000.0,-371000000.0,-10101000000.0,302000000.0,10774000000.0,-4227000000.0,242000000.0,-4932000000.0,739000000.0,-1282000000.0,-531200000.0,320700000.0,36700000.0
,accountsReceivables,2216000000.0,2812000000.0,-1244000000.0,-986000000.0,-1003000000.0,-535000000.0,-2651000000.0,-1329000000.0,-1365000000.0,-1133000000.0,-99000000.0,-454000000.0,-454000000.0,-1421000000.0,-1421000000.0,-1491000000.0,-1491000000.0,519000000.0,-94000000.0,-81000000.0,-154000000.0,-571000000.0,-672000000.0,-1892000000.0,-731000000.0,-959000000.0,-854000000.0,-412000000.0,-362800000.0,-302700000.0
,inventory,0.0,0.0,0.0,0.0,0.0,0.0,0.0,0.0,0.0,0.0,0.0,0.0,0.0,0.0,0.0,0.0,0.0,0.0,0.0,0.0,0.0,0.0,0.0,0.0,0.0,0.0,0.0,0.0,0.0,0.0
,accountsPayables,0.0,0.0,0.0,0.0,0.0,0.0,0.0,0.0,0.0,0.0,0.0,2372000000.0,0.0,-5563000000.0,0.0,672000000.0,0.0,0.0,0.0,0.0,0.0,0.0,0.0,0.0,0.0,0.0,0.0,0.0,0.0,0.0
,otherWorkingCapital,376000000.0,-14150000000.0,-12993000000.0,-2243000000.0,-12207000000.0,-11824000000.0,-5254000000.0,-11799000000.0,-9081000000.0,-7767000000.0,-14000000000.0,-12371000000.0,-12371000000.0,-19734000000.0,-19734000000.0,-14588000000.0,-14588000000.0,-14929000000.0,-10764000000.0,-10393000000.0,-292000000.0,-594000000.0,-11368000000.0,-7141000000.0,-7383000000.0,-2451000000.0,-3190000000.0,-1908000000.0,-1376800000.0,-1697500000.0
,otherNonCashItems,8752000000.0,9317000000.0,6663000000.0,-2217000000.0,-3324000000.0,-2213000000.0,-3486000000.0,121000000.0,282000000.0,1480000000.0,-845000000.0,0.0,-2815000000.0,0.0,-470000000.0,0.0,1927000000.0,1519000000.0,1045000000.0,-2076000000.0,-4626000000.0,1540000000.0,-621000000.0,-1525000000.0,-3433000000.0,-583000000.0,-460000000.0,-65000000.0,2653400000.0,206900000.0
,netCashProvidedByOperatingActivites,43130000000.0,48668000000.0,43602000000.0,39151000000.0,39344000000.0,35880000000.0,31338000000.0,34796000000.0,39176000000.0,34648000000.0,34993000000.0,34445000000.0,34445000000.0,33656000000.0,33656000000.0,34072000000.0,34072000000.0,15615000000.0,12974000000.0,10955000000.0,13517000000.0,15210000000.0,14805000000.0,14299000000.0,16578000000.0,8381000000.0,6970000000.0,4824000000.0,4020700000.0,3966600000.0
,,,,,,,,,,,,,,,,,,,,,,,,,,,,,,,,,,,,,,,,,,,,,,,,,,,,,,,,,,,,,,,,,,,,,,,,,,,,,,,,,,,,,,,,,,,,,,,,,,,,,
CashProvidedByInvestingActivites,,,,,,,,,,,,,,,,,,,,,,,,,,,,,,,,,,,,,,,,,,,,,,,,,,,,,,,,,,,,,,,,,,,,,,,,,,,,,,,,,,,,,,,,,,,,,,,,,,,,,
,investmentsInPropertyPlantAndEquipment,-15675000000.0,-19435000000.0,-20758000000.0,-20647000000.0,-21516000000.0,0.0,0.0,0.0,0.0,0.0,0.0,-19530000000.0,0.0,0.0,0.0,0.0,-17717000000.0,-8320000000.0,-5576000000.0,-5099000000.0,-5219000000.0,-6808000000.0,-11189000000.0,-13124000000.0,-10304000000.0,-5927000000.0,-5766000000.0,-3027000000.0,-2336000000.0,-2350200000.0
,acquisitionsNet,1790000000.0,2875000000.0,-41161000000.0,1182000000.0,-2313000000.0,-30676000000.0,4982000000.0,-2190000000.0,-16000000.0,-1067000000.0,0.0,-983000000.0,-696000000.0,-696000000.0,-9357000000.0,-9357000000.0,-1279000000.0,1124000000.0,2030000000.0,0.0,0.0,0.0,0.0,0.0,0.0,0.0,0.0,0.0,0.0,0.0
,purchasesOfInvestments,0.0,0.0,-185000000.0,0.0,0.0,0.0,-1890000000.0,0.0,0.0,0.0,-100000000.0,0.0,0.0,0.0,0.0,0.0,-579000000.0,0.0,0.0,-135000000.0,-1146000000.0,0.0,0.0,-539000000.0,-26000000.0,-42000000.0,-916000000.0,-1005000000.0,-704000000.0,-324600000.0
,salesMaturitiesOfInvestments,0.0,0.0,0.0,0.0,0.0,0.0,0.0,0.0,0.0,0.0,0.0,0.0,55000000.0,0.0,504000000.0,0.0,1033000000.0,3000000.0,99000000.0,549000000.0,248000000.0,0.0,510000000.0,84000000.0,31000000.0,355000000.0,1029000000.0,816000000.0,586800000.0,390100000.0
,otherInvestingActivites,-160000000.0,0.0,502000000.0,1000000.0,0.0,1000000.0,0.0,-7000000.0,-1000000.0,27000000.0,29000000.0,0.0,51000000.0,0.0,45000000.0,0.0,36000000.0,4000000.0,37000000.0,50000000.0,-436000000.0,1000000.0,1000000.0,-1000000.0,2000000.0,11000000.0,-26000000.0,-29000000.0,-16000000.0,-1063000000.0
,netCashUsedForInvestingActivites,-13548000000.0,-16690000000.0,-63145000000.0,-20371000000.0,-24215000000.0,-49144000000.0,-18337000000.0,-23124000000.0,-19680000000.0,-21250000000.0,-21449000000.0,-17925000000.0,-17925000000.0,-29143000000.0,-29143000000.0,-18506000000.0,-18506000000.0,-8293000000.0,-974000000.0,-20747000000.0,-3105000000.0,-3328000000.0,-8387000000.0,-14403000000.0,-10577000000.0,-4548000000.0,-6216000000.0,-3442000000.0,-3007300000.0,-3347700000.0
,,,,,,,,,,,,,,,,,,,,,,,,,,,,,,,,,,,,,,,,,,,,,,,,,,,,,,,,,,,,,,,,,,,,,,,,,,,,,,,,,,,,,,,,,,,,,,,,,,,,,
CashProvidedByFinancingingActivites,,,,,,,,,,,,,,,,,,,,,,,,,,,,,,,,,,,,,,,,,,,,,,,,,,,,,,,,,,,,,,,,,,,,,,,,,,,,,,,,,,,,,,,,,,,,,,,,,,,,,
,debtRepayment,-49448000000.0,-34772000000.0,-55562000000.0,-12339000000.0,-10823000000.0,-10043000000.0,-10416000000.0,-9174000000.0,-8733000000.0,-9199000000.0,-9294000000.0,-8654000000.0,-12564000000.0,-4010000000.0,-4010000000.0,-6772000000.0,-10183000000.0,-4244000000.0,-6801000000.0,-881000000.0,-4246000000.0,-11008000000.0,-5449000000.0,-1128000000.0,-3088000000.0,-1496000000.0,-1816000000.0,-527000000.0,-473300000.0,-490100000.0
,commonStockIssued,105000000.0,631000000.0,745000000.0,33000000.0,146000000.0,143000000.0,39000000.0,114000000.0,477000000.0,237000000.0,50000000.0,0.0,28000000.0,0.0,319000000.0,0.0,1986000000.0,589000000.0,432000000.0,216000000.0,102000000.0,147000000.0,323000000.0,732000000.0,631000000.0,372000000.0,293000000.0,52000000.0,82200000.0,58100000.0
,commonStockRepurchased,-5498000000.0,-2417000000.0,-609000000.0,-463000000.0,-512000000.0,-269000000.0,-1617000000.0,-13028000000.0,-12752000000.0,0.0,0.0,0.0,0.0,0.0,-6077000000.0,0.0,-10390000000.0,-2678000000.0,-2571000000.0,-448000000.0,-490000000.0,-1456000000.0,-3538000000.0,-2255000000.0,-1169000000.0,-498000000.0,-95000000.0,-650000000.0,-215600000.0,-446800000.0
,dividendsPaid,-16906000000.0,-14888000000.0,-13410000000.0,-12038000000.0,-11797000000.0,-10200000000.0,-9552000000.0,-9696000000.0,-10241000000.0,-10172000000.0,-9916000000.0,-9670000000.0,-9670000000.0,-9507000000.0,-9507000000.0,-8743000000.0,-8743000000.0,-5153000000.0,-4256000000.0,-4141000000.0,-4539000000.0,-3557000000.0,-3456000000.0,-3418000000.0,-3287000000.0,-1811000000.0,-1622000000.0,-928000000.0,-888500000.0,-837000000.0
,otherFinancingActivites,-7536000000.0,4148000000.0,-3926000000.0,1944000000.0,-1616000000.0,-3818000000.0,-2224000000.0,251000000.0,89000000.0,-452000000.0,-515000000.0,0.0,-465000000.0,0.0,151000000.0,0.0,-51000000.0,218000000.0,-3000000.0,0.0,0.0,-56000000.0,39000000.0,65000000.0,-33000000.0,-765000000.0,-7000000.0,0.0,-465000000.0,0.0
,netCashUsedProvidedByFinancingActivities,-32007000000.0,-25083000000.0,-25989000000.0,25930000000.0,-14462000000.0,9782000000.0,-7737000000.0,-13201000000.0,-17673000000.0,-11650000000.0,-15848000000.0,-14510000000.0,-14510000000.0,-4691000000.0,-4691000000.0,-16014000000.0,-16014000000.0,-6128000000.0,-11226000000.0,4605000000.0,-9173000000.0,-9018000000.0,-6358000000.0,252000000.0,-6105000000.0,-3783000000.0,-670000000.0,-1630000000.0,-888100000.0,-872700000.0
,,,,,,,,,,,,,,,,,,,,,,,,,,,,,,,,,,,,,,,,,,,,,,,,,,,,,,,,,,,,,,,,,,,,,,,,,,,,,,,,,,,,,,,,,,,,,,,,,,,,,
Other,,,,,,,,,,,,,,,,,,,,,,,,,,,,,,,,,,,,,,,,,,,,,,,,,,,,,,,,,,,,,,,,,,,,,,,,,,,,,,,,,,,,,,,,,,,,,,,,,,,,,
,effectOfForexChangesOnCash,0.0,0.0,0.0,0.0,0.0,0.0,0.0,0.0,0.0,0.0,0.0,0.0,0.0,0.0,0.0,0.0,0.0,0.0,0.0,0.0,0.0,0.0,0.0,0.0,0.0,0.0,0.0,0.0,0.0,0.0
,,,,,,,,,,,,,,,,,,,,,,,,,,,,,,,,,,,,,,,,,,,,,,,,,,,,,,,,,,,,,,,,,,,,,,,,,,,,,,,,,,,,,,,,,,,,,,,,,,,,,
Cash&CashFlow,,,,,,,,,,,,,,,,,,,,,,,,,,,,,,,,,,,,,,,,,,,,,,,,,,,,,,,,,,,,,,,,,,,,,,,,,,,,,,,,,,,,,,,,,,,,,,,,,,,,,
,netChangeInCash,-2425000000.0,6895000000.0,-45532000000.0,44710000000.0,667000000.0,-3482000000.0,5264000000.0,-1529000000.0,1823000000.0,1748000000.0,-2304000000.0,2010000000.0,2010000000.0,-178000000.0,-178000000.0,-448000000.0,-448000000.0,1194000000.0,464000000.0,-4046000000.0,1239000000.0,2864000000.0,60000000.0,148000000.0,-104000000.0,50000000.0,84000000.0,-248000000.0,125300000.0,-253800000.0
,cashAtEndOfPeriod,9870000000.0,12295000000.0,5400000000.0,50498000000.0,5788000000.0,5121000000.0,8603000000.0,3339000000.0,4868000000.0,3185000000.0,1437000000.0,3802000000.0,3802000000.0,1792000000.0,1792000000.0,1970000000.0,1970000000.0,2418000000.0,1224000000.0,760000000.0,4806000000.0,3567000000.0,703000000.0,643000000.0,495000000.0,460000000.0,398000000.0,242000000.0,489900000.0,364600000.0
,cashAtBeginningOfPeriod,12295000000.0,5400000000.0,50932000000.0,5788000000.0,5121000000.0,8603000000.0,3339000000.0,4868000000.0,3045000000.0,1437000000.0,3741000000.0,1792000000.0,1792000000.0,1970000000.0,1970000000.0,2418000000.0,2418000000.0,1224000000.0,760000000.0,4806000000.0,3567000000.0,703000000.0,643000000.0,495000000.0,599000000.0,410000000.0,314000000.0,490000000.0,364600000.0,618400000.0
,operatingCashFlow,43130000000.0,48668000000.0,43602000000.0,39151000000.0,39344000000.0,35880000000.0,31338000000.0,34796000000.0,39176000000.0,34648000000.0,34993000000.0,34445000000.0,34445000000.0,33656000000.0,33656000000.0,34072000000.0,34072000000.0,15615000000.0,12974000000.0,10955000000.0,13517000000.0,15210000000.0,14805000000.0,14299000000.0,16578000000.0,8381000000.0,6970000000.0,4824000000.0,4020700000.0,3966600000.0
,capitalExpenditure,-15675000000.0,-19435000000.0,-20758000000.0,-20647000000.0,-21516000000.0,-19218000000.0,-21199000000.0,-20944000000.0,-19465000000.0,-20110000000.0,-19530000000.0,0.0,-16595000000.0,0.0,-19676000000.0,0.0,-17717000000.0,-8320000000.0,-5576000000.0,-5099000000.0,-5219000000.0,-6808000000.0,-11189000000.0,-13124000000.0,-10304000000.0,-5927000000.0,-5766000000.0,-3027000000.0,-2335700000.0,-2350200000.0
,freeCashFlow,27455000000.0,29233000000.0,22844000000.0,18504000000.0,17828000000.0,16662000000.0,10139000000.0,13852000000.0,19711000000.0,14538000000.0,15463000000.0,34445000000.0,17850000000.0,33656000000.0,13980000000.0,34072000000.0,16355000000.0,7295000000.0,7398000000.0,5856000000.0,8298000000.0,8402000000.0,3616000000.0,1175000000.0,6274000000.0,2454000000.0,1204000000.0,1797000000.0,1685000000.0,1616400000.0
