date,,2020-12-31_FY,2019-12-31_FY,2018-12-31_FY,2017-12-31_FY,2016-12-31_FY,2015-12-31_FY,2014-12-31_FY,2013-12-31_FY,2012-12-31_FY,2011-12-31_FY,2010-12-31_FY,2009-12-31_FY,2008-12-31_FY,2007-12-31_FY,2006-12-31_FY,2005-12-31_FY,2004-12-31_FY,2003-12-31_FY,2002-12-31_FY,2001-12-31_FY,2001-03-31_FY,2000-03-31_FY,1999-03-31_FY,1998-03-31_FY,1997-03-31_FY,1996-03-31_FY,1995-03-31_FY,1994-03-31_FY
,,,,,,,,,,,,,,,,,,,,,,,,,,,,,,,,,,,,,,,,,,,,,,,,,,,,,,,,,,,,,,,,,,,,,,,,,,,,,,,,,,,,,,,,,,,,,,,,,,,,,
CashProvidedByOperatingActivites,,,,,,,,,,,,,,,,,,,,,,,,,,,,,,,,,,,,,,,,,,,,,,,,,,,,,,,,,,,,,,,,,,,,,,,,,,,,,,,,,,,,,,,,,,,,,,,,,,,,,
,netIncome,-226000000.0,137600000.0,159300000.0,702500000.0,343600000.0,796500000.0,678200000.0,375500000.0,255200000.0,142200000.0,67400000.0,-137700000.0,285800000.0,293100000.0,230100000.0,86300000.0,-9300000.0,-10000000.0,-19600000.0,-34700000.0,-74400000.0,165500000.0,185300000.0,103700000.0,137500000.0,113800000.0,89100000.0,76200000.0
,depreciationAndAmortization,266000000.0,283600000.0,251900000.0,295400000.0,283000000.0,266400000.0,244600000.0,211500000.0,193700000.0,192900000.0,189600000.0,160800000.0,140300000.0,118900000.0,87600000.0,88900000.0,87200000.0,85600000.0,90700000.0,66200000.0,89100000.0,80300000.0,72000000.0,78100000.0,87800000.0,75900000.0,58600000.0,56800000.0
,deferredIncomeTax,226000000.0,54800000.0,57900000.0,-337400000.0,321400000.0,116600000.0,-5800000.0,45800000.0,126300000.0,60900000.0,0.0,0.0,251300000.0,59300000.0,75500000.0,18900000.0,-4900000.0,10100000.0,56100000.0,-9100000.0,-45500000.0,13000000.0,4200000.0,8900000.0,-3600000.0,-20200000.0,-29200000.0,-1300000.0
,stockBasedCompensation,26000000.0,29200000.0,29200000.0,31100000.0,41300000.0,61100000.0,53300000.0,44500000.0,27700000.0,23500000.0,15100000.0,13500000.0,18700000.0,0.0,0.0,0.0,0.0,0.0,0.0,0.0,0.0,0.0,0.0,0.0,0.0,0.0,0.0,0.0
,changeInWorkingCapital,-1510800000.0,-172300000.0,-1105100000.0,176500000.0,-187500000.0,3300000.0,482300000.0,132100000.0,452300000.0,83900000.0,-58700000.0,208800000.0,-64300000.0,51400000.0,221800000.0,-71800000.0,245200000.0,-12700000.0,520900000.0,-220000000.0,-442600000.0,-24000000.0,-28300000.0,10200000.0,-16100000.0,51400000.0,-33100000.0,-171400000.0
,accountsReceivables,59000000.0,17700000.0,0.0,0.0,0.0,0.0,0.0,0.0,0.0,0.0,0.0,0.0,0.0,0.0,0.0,0.0,0.0,0.0,0.0,51200000.0,0.0,0.0,0.0,0.0,0.0,0.0,0.0,0.0
,inventory,105000000.0,91300000.0,-122000000.0,32600000.0,273300000.0,128500000.0,-186300000.0,-95600000.0,-117200000.0,-212200000.0,-88700000.0,380100000.0,-25800000.0,-50900000.0,-124000000.0,-45700000.0,-143300000.0,-44700000.0,61900000.0,77300000.0,-24300000.0,43000000.0,-47900000.0,-3200000.0,17900000.0,0.0,-56100000.0,-110900000.0
,accountsPayables,-47000000.0,-10000000.0,92700000.0,19300000.0,-60700000.0,-78600000.0,60700000.0,29000000.0,-16700000.0,73100000.0,53400000.0,-140800000.0,-128300000.0,0.0,0.0,0.0,0.0,0.0,0.0,0.0,0.0,0.0,0.0,0.0,0.0,0.0,0.0,0.0
,otherWorkingCapital,-1071000000.0,439800000.0,612100000.0,1717200000.0,1540700000.0,1728200000.0,1724900000.0,1242600000.0,1110500000.0,658200000.0,574300000.0,633000000.0,424200000.0,488500000.0,437100000.0,215300000.0,287100000.0,41900000.0,54600000.0,-466300000.0,-246300000.0,196300000.0,220300000.0,248600000.0,238400000.0,254500000.0,203100000.0,236200000.0
,otherNonCashItems,0.0,23300000.0,10100000.0,30600000.0,25100000.0,27600000.0,26200000.0,24400000.0,18800000.0,19300000.0,4700000.0,-35600000.0,-26500000.0,14600000.0,7200000.0,0.0,0.0,2600000.0,5200000.0,67800000.0,0.0,0.0,0.0,-6200000.0,-28300000.0,-6700000.0,-6600000.0,2200000.0
,netCashProvidedByOperatingActivites,651000000.0,393600000.0,379100000.0,761600000.0,1090200000.0,939700000.0,819200000.0,662200000.0,527400000.0,104300000.0,163600000.0,659700000.0,419200000.0,344500000.0,130800000.0,170400000.0,-82600000.0,114900000.0,120700000.0,200100000.0,90900000.0,275000000.0,176400000.0,120900000.0,325100000.0,125900000.0,114400000.0,-45600000.0
,,,,,,,,,,,,,,,,,,,,,,,,,,,,,,,,,,,,,,,,,,,,,,,,,,,,,,,,,,,,,,,,,,,,,,,,,,,,,,,,,,,,,,,,,,,,,,,,,,,,,
CashProvidedByInvestingActivites,,,,,,,,,,,,,,,,,,,,,,,,,,,,,,,,,,,,,,,,,,,,,,,,,,,,,,,,,,,,,,,,,,,,,,,,,,,,,,,,,,,,,,,,,,,,,,,,,,,,,
,investmentsInPropertyPlantAndEquipment,0.0,0.0,0.0,0.0,0.0,0.0,0.0,0.0,0.0,0.0,0.0,0.0,0.0,-894100000.0,-661100000.0,0.0,-198200000.0,-284900000.0,0.0,-133300000.0,-350200000.0,-174000000.0,-208300000.0,-129400000.0,-173500000.0,-133000000.0,-93400000.0,-82800000.0
,acquisitionsNet,0.0,0.0,0.0,0.0,0.0,5000000.0,-714000000.0,-73000000.0,-45000000.0,-43000000.0,-48000000.0,0.0,0.0,-51000000.0,-4000000.0,0.0,0.0,0.0,0.0,0.0,0.0,0.0,0.0,0.0,0.0,0.0,0.0,0.0
,purchasesOfInvestments,0.0,0.0,0.0,0.0,0.0,0.0,0.0,0.0,0.0,0.0,0.0,-70000000.0,0.0,0.0,0.0,0.0,0.0,0.0,0.0,0.0,0.0,0.0,0.0,0.0,0.0,0.0,0.0,0.0
,salesMaturitiesOfInvestments,0.0,0.0,0.0,0.0,0.0,0.0,0.0,0.0,0.0,0.0,0.0,0.0,0.0,0.0,0.0,0.0,8500000.0,0.0,0.0,0.0,0.0,0.0,0.0,0.0,0.0,0.0,0.0,0.0
,otherInvestingActivites,0.0,0.0,6200000.0,300000.0,6800000.0,500000.0,800000.0,0.0,1700000.0,0.0,0.0,0.0,0.0,0.0,0.0,-435700000.0,0.0,-7600000.0,0.0,0.0,0.0,0.0,-82800000.0,-60200000.0,-5600000.0,-27400000.0,-61300000.0,-35700000.0
,netCashUsedForInvestingActivites,-532900000.0,-993300000.0,-412300000.0,-472700000.0,-1022700000.0,-511300000.0,-814700000.0,-818600000.0,-312300000.0,-85000000.0,-307900000.0,-185300000.0,-1000200000.0,-534800000.0,-555800000.0,-388300000.0,62700000.0,-40900000.0,-151100000.0,-110100000.0,-300900000.0,-121900000.0,-112400000.0,-108200000.0,-119900000.0,-60200000.0,-71400000.0,-89200000.0
,,,,,,,,,,,,,,,,,,,,,,,,,,,,,,,,,,,,,,,,,,,,,,,,,,,,,,,,,,,,,,,,,,,,,,,,,,,,,,,,,,,,,,,,,,,,,,,,,,,,,
CashProvidedByFinancingingActivites,,,,,,,,,,,,,,,,,,,,,,,,,,,,,,,,,,,,,,,,,,,,,,,,,,,,,,,,,,,,,,,,,,,,,,,,,,,,,,,,,,,,,,,,,,,,,,,,,,,,,
,debtRepayment,-1442000000.0,-1724100000.0,-887800000.0,-375400000.0,-162500000.0,-587200000.0,-186600000.0,-262100000.0,-378400000.0,-1113000000.0,-403900000.0,-294000000.0,-390800000.0,0.0,0.0,0.0,0.0,0.0,-786100000.0,0.0,0.0,0.0,0.0,0.0,0.0,0.0,0.0,0.0
,commonStockIssued,0.0,0.0,0.0,0.0,0.0,300000.0,600000.0,2500000.0,4100000.0,2100000.0,1700000.0,1100000.0,3100000.0,12200000.0,18100000.0,26600000.0,21600000.0,57600000.0,31200000.0,0.0,0.0,2300000.0,4800000.0,2400000.0,4600000.0,2900000.0,900000.0,8900000.0
,commonStockRepurchased,0.0,-232900000.0,-518300000.0,-93800000.0,-51000000.0,-142500000.0,-74800000.0,-103200000.0,-45200000.0,0.0,0.0,-6300000.0,-58300000.0,-2900000.0,0.0,-14500000.0,0.0,0.0,0.0,0.0,-34600000.0,-84900000.0,-79500000.0,0.0,0.0,0.0,0.0,0.0
,dividendsPaid,-91000000.0,-82100000.0,-77400000.0,-72600000.0,-66700000.0,-64900000.0,-54400000.0,-39300000.0,-31700000.0,-27200000.0,-25400000.0,-25300000.0,-24200000.0,-20200000.0,-18000000.0,0.0,-13800000.0,-11000000.0,-16500000.0,-20000000.0,-27000000.0,-28700000.0,-29400000.0,-29300000.0,-28700000.0,-27900000.0,-27200000.0,-24000000.0
,otherFinancingActivites,0.0,-2200000.0,-14200000.0,-66000000.0,-9900000.0,21600000.0,44300000.0,239900000.0,12400000.0,-30000000.0,-56000000.0,0.0,900000.0,4000000.0,7600000.0,0.0,0.0,0.0,0.0,0.0,0.0,0.0,0.0,0.0,0.0,0.0,0.0,0.0
,netCashUsedProvidedByFinancingActivities,-168000000.0,526500000.0,-511600000.0,-73700000.0,-290100000.0,-530300000.0,454900000.0,11300000.0,5900000.0,-22200000.0,-113500000.0,-24400000.0,453200000.0,168400000.0,517600000.0,186500000.0,156200000.0,-47100000.0,27300000.0,-81300000.0,206600000.0,-149700000.0,-53600000.0,-21800000.0,-207700000.0,-65600000.0,-36400000.0,136000000.0
,,,,,,,,,,,,,,,,,,,,,,,,,,,,,,,,,,,,,,,,,,,,,,,,,,,,,,,,,,,,,,,,,,,,,,,,,,,,,,,,,,,,,,,,,,,,,,,,,,,,,
Other,,,,,,,,,,,,,,,,,,,,,,,,,,,,,,,,,,,,,,,,,,,,,,,,,,,,,,,,,,,,,,,,,,,,,,,,,,,,,,,,,,,,,,,,,,,,,,,,,,,,,
,effectOfForexChangesOnCash,0.0,0.0,0.0,0.0,0.0,0.0,0.0,0.0,0.0,0.0,0.0,0.0,0.0,0.0,0.0,0.0,0.0,0.0,0.0,0.0,0.0,0.0,0.0,0.0,0.0,0.0,0.0,0.0
,,,,,,,,,,,,,,,,,,,,,,,,,,,,,,,,,,,,,,,,,,,,,,,,,,,,,,,,,,,,,,,,,,,,,,,,,,,,,,,,,,,,,,,,,,,,,,,,,,,,,
Cash&CashFlow,,,,,,,,,,,,,,,,,,,,,,,,,,,,,,,,,,,,,,,,,,,,,,,,,,,,,,,,,,,,,,,,,,,,,,,,,,,,,,,,,,,,,,,,,,,,,,,,,,,,,
,netChangeInCash,-49000000.0,-73200000.0,-623000000.0,215200000.0,-222600000.0,-101900000.0,459400000.0,-144500000.0,221900000.0,-2900000.0,-257800000.0,450000000.0,-127800000.0,-21900000.0,175500000.0,-31400000.0,136300000.0,26900000.0,-3100000.0,8700000.0,-3400000.0,3400000.0,0.0,0.0,0.0,0.0,0.0,0.0
,cashAtEndOfPeriod,228000000.0,277600000.0,350800000.0,778600000.0,563400000.0,786000000.0,887900000.0,428500000.0,573000000.0,351100000.0,354000000.0,611800000.0,161800000.0,289600000.0,311500000.0,150900000.0,182300000.0,46000000.0,19100000.0,22200000.0,13500000.0,16900000.0,0.0,0.0,0.0,0.0,0.0,0.0
,cashAtBeginningOfPeriod,277000000.0,350800000.0,973800000.0,563400000.0,786000000.0,887900000.0,428500000.0,573000000.0,351100000.0,354000000.0,611800000.0,161800000.0,289600000.0,311500000.0,136000000.0,182300000.0,46000000.0,19100000.0,22200000.0,13500000.0,16900000.0,13500000.0,3100000.0,12200000.0,14700000.0,15300000.0,8700000.0,7500000.0
,operatingCashFlow,651000000.0,393600000.0,379100000.0,761600000.0,1090200000.0,939700000.0,819200000.0,662200000.0,527400000.0,104300000.0,163600000.0,659700000.0,419200000.0,344500000.0,130800000.0,170400000.0,-82600000.0,114900000.0,120700000.0,200100000.0,90900000.0,275000000.0,176400000.0,120900000.0,325100000.0,125900000.0,114400000.0,-45600000.0
,capitalExpenditure,0.0,-1219200000.0,-985600000.0,-712700000.0,-933400000.0,-1029800000.0,-464600000.0,-731000000.0,-469200000.0,-340000000.0,-257600000.0,-429200000.0,-1243100000.0,-894100000.0,-661100000.0,0.0,-198200000.0,-284900000.0,-172200000.0,-133300000.0,-350200000.0,-174000000.0,-208300000.0,-129400000.0,-173500000.0,-133000000.0,-93400000.0,-82800000.0
,freeCashFlow,651000000.0,-825600000.0,-606500000.0,48900000.0,156800000.0,-90100000.0,354600000.0,-68800000.0,58200000.0,-235700000.0,-94000000.0,230500000.0,-823900000.0,-549600000.0,-530300000.0,170400000.0,-280800000.0,-170000000.0,-51500000.0,66800000.0,-259300000.0,101000000.0,-31900000.0,-8500000.0,151600000.0,-7100000.0,21000000.0,-128400000.0
