date,,2020-06-30_FY,2019-06-30_FY,2018-06-30_FY,2017-06-30_FY,2016-06-30_FY,2015-06-30_FY,2014-06-30_FY,2013-06-30_FY,2012-06-30_FY,2011-06-30_FY,2010-06-30_FY,2009-06-30_FY,2008-06-30_FY,2007-06-30_FY,2006-06-30_FY,2005-06-30_FY,2004-06-30_FY,2003-12-31_FY,2003-06-30_FY,2002-06-30_FY
,,,,,,,,,,,,,,,,,,,,,,,,,,,,,,,,,,,,,,,,,,,,,,,,,,,,,,,,,,,,,,,,,,,,,,,,,,,,,,,,,,,,,,,,,,,,,,,,,,,,,
CashProvidedByOperatingActivites,,,,,,,,,,,,,,,,,,,,,,,,,,,,,,,,,,,,,,,,,,,,,,,,,,,,,,,,,,,,,,,,,,,,,,,,,,,,,,,,,,,,,,,,,,,,,,,,,,,,,
,netIncome,-78358000.0,-306607000.0,61855000.0,72954000.0,82454000.0,94735000.0,70100000.0,13000000.0,44700000.0,2600000.0,39000000.0,86600000.0,86700000.0,63700000.0,59200000.0,44600000.0,13300000.0,-281869000.0,13100000.0,8500000.0
,depreciationAndAmortization,13299000.0,37349000.0,35484000.0,41378000.0,40394000.0,40685000.0,40300000.0,40600000.0,36500000.0,34700000.0,19300000.0,17100000.0,10800000.0,11100000.0,5700000.0,6600000.0,5700000.0,955000.0,3300000.0,3100000.0
,deferredIncomeTax,-393000.0,-11705000.0,5966000.0,-220000.0,-235000.0,-3656000.0,-7800000.0,-3300000.0,-16200000.0,-13900000.0,-6000000.0,-4600000.0,2000000.0,1800000.0,9100000.0,6000000.0,0.0,0.0,0.0,0.0
,stockBasedCompensation,1728000.0,393000.0,2607000.0,1982000.0,3598000.0,3195000.0,3718000.0,3907000.0,2775000.0,1720000.0,5670000.0,5026000.0,3971000.0,910000.0,0.0,0.0,0.0,0.0,0.0,0.0
,changeInWorkingCapital,190499000.0,-86804000.0,-240568000.0,63364000.0,101836000.0,18576000.0,93200000.0,6000000.0,-7100000.0,-59500000.0,-44000000.0,-56700000.0,75900000.0,-4300000.0,81300000.0,46700000.0,587063000.0,-576263000.0,295349000.0,8600000.0
,accountsReceivables,743000.0,-28800000.0,31390000.0,-15767000.0,-3401000.0,1399000.0,-101447000.0,-5726000.0,-31974000.0,-3568000.0,4666000.0,14639000.0,-9983000.0,-9469000.0,0.0,0.0,-937000.0,0.0,0.0,0.0
,inventory,-19328000.0,4042000.0,-2521000.0,3025000.0,1001000.0,-3846000.0,780000.0,-2890000.0,-717000.0,289000.0,3867000.0,-81000.0,-1138000.0,-2203000.0,0.0,0.0,0.0,0.0,0.0,0.0
,accountsPayables,-139000.0,-14538000.0,10595000.0,-6461000.0,-7840000.0,-850000.0,12671000.0,8113000.0,-18496000.0,-1041000.0,-27138000.0,-8788000.0,24353000.0,-1470000.0,0.0,0.0,0.0,0.0,0.0,0.0
,otherWorkingCapital,248003000.0,57504000.0,144308000.0,384876000.0,321512000.0,219676000.0,201100000.0,107900000.0,101900000.0,109000000.0,168500000.0,212500000.0,269200000.0,193300000.0,197600000.0,116300000.0,69600000.0,-517463000.0,58800000.0,-236549000.0
,otherNonCashItems,27934000.0,269252000.0,-17026000.0,-275000.0,1074000.0,4186000.0,17000000.0,8900000.0,22600000.0,49000000.0,43400000.0,4500000.0,5100000.0,1700000.0,-200000.0,-1000000.0,0.0,0.0,0.0,0.0
,netCashProvidedByOperatingActivites,-46045000.0,-4460000.0,132305000.0,97161000.0,116552000.0,135258000.0,37100000.0,55900000.0,20400000.0,66200000.0,68700000.0,106800000.0,118800000.0,65500000.0,75800000.0,38100000.0,41900000.0,0.0,17600000.0,11800000.0
,,,,,,,,,,,,,,,,,,,,,,,,,,,,,,,,,,,,,,,,,,,,,,,,,,,,,,,,,,,,,,,,,,,,,,,,,,,,,,,,,,,,,,,,,,,,,,,,,,,,,
CashProvidedByInvestingActivites,,,,,,,,,,,,,,,,,,,,,,,,,,,,,,,,,,,,,,,,,,,,,,,,,,,,,,,,,,,,,,,,,,,,,,,,,,,,,,,,,,,,,,,,,,,,,,,,,,,,,
,investmentsInPropertyPlantAndEquipment,0.0,0.0,0.0,0.0,0.0,0.0,0.0,0.0,0.0,0.0,0.0,0.0,-3563000.0,-3745000.0,-1821000.0,-3436000.0,-2802000.0,0.0,-6700000.0,-1900000.0
,acquisitionsNet,204000000.0,-2000000.0,-6202000.0,-4651000.0,-15767000.0,2000000.0,-1968000.0,-2143000.0,-6154000.0,-230225000.0,-10319000.0,-97992000.0,0.0,-92000000.0,0.0,0.0,8000.0,0.0,0.0,0.0
,purchasesOfInvestments,0.0,-1056000.0,0.0,-45794000.0,-26637000.0,-9151000.0,-24858000.0,0.0,-1129000.0,-1023000.0,0.0,0.0,0.0,0.0,0.0,0.0,0.0,0.0,0.0,0.0
,salesMaturitiesOfInvestments,0.0,0.0,0.0,0.0,0.0,0.0,0.0,0.0,0.0,0.0,0.0,0.0,0.0,0.0,0.0,0.0,0.0,0.0,0.0,0.0
,otherInvestingActivites,229055000.0,74948000.0,196599000.0,-52431000.0,72445000.0,-13896000.0,27124000.0,-422926000.0,-246089000.0,-77384000.0,0.0,0.0,0.0,0.0,0.0,0.0,0.0,0.0,0.0,0.0
,netCashUsedForInvestingActivites,223117000.0,64476000.0,180448000.0,-114071000.0,-5756000.0,-59483000.0,-21640000.0,-447816000.0,-292539000.0,-323685000.0,-90186000.0,-107856000.0,-3903000.0,-91540000.0,-5505000.0,-3397000.0,-5721000.0,0.0,-7400000.0,-900000.0
,,,,,,,,,,,,,,,,,,,,,,,,,,,,,,,,,,,,,,,,,,,,,,,,,,,,,,,,,,,,,,,,,,,,,,,,,,,,,,,,,,,,,,,,,,,,,,,,,,,,,
CashProvidedByFinancingingActivites,,,,,,,,,,,,,,,,,,,,,,,,,,,,,,,,,,,,,,,,,,,,,,,,,,,,,,,,,,,,,,,,,,,,,,,,,,,,,,,,,,,,,,,,,,,,,,,,,,,,,
,debtRepayment,-14503000.0,-37357000.0,-754000.0,-1145000.0,8716000.0,-14128000.0,-87008000.0,0.0,0.0,-6705000.0,0.0,0.0,0.0,0.0,-27857000.0,-37872000.0,-12121000.0,0.0,0.0,0.0
,commonStockIssued,0.0,0.0,0.0,47879000.0,111444000.0,2045000.0,198000.0,240000.0,0.0,0.0,720000.0,271000.0,2845000.0,909000.0,33661000.0,0.0,0.0,0.0,0.0,0.0
,commonStockRepurchased,0.0,0.0,0.0,2085000.0,84807000.0,-7106000.0,200000.0,200000.0,-1100000.0,-1000000.0,-125600000.0,-39100000.0,2800000.0,-100000.0,29700000.0,0.0,53700000.0,0.0,600000.0,500000.0
,dividendsPaid,-3549000.0,0.0,0.0,0.0,0.0,0.0,0.0,0.0,0.0,0.0,0.0,0.0,0.0,0.0,0.0,0.0,-77800000.0,0.0,-2800000.0,0.0
,otherFinancingActivites,183336000.0,16747000.0,-472725000.0,41596000.0,-79878000.0,17742000.0,98290000.0,463141000.0,233036000.0,190997000.0,0.0,0.0,0.0,0.0,0.0,0.0,0.0,0.0,0.0,0.0
,netCashUsedProvidedByFinancingActivities,-48838000.0,-24714000.0,-473479000.0,40469000.0,13645000.0,-4516000.0,-13378000.0,409716000.0,231907000.0,183269000.0,-48478000.0,-40248000.0,2864000.0,3225000.0,29723000.0,-19000.0,-24060000.0,127802.0,-2300000.0,500000.0
,,,,,,,,,,,,,,,,,,,,,,,,,,,,,,,,,,,,,,,,,,,,,,,,,,,,,,,,,,,,,,,,,,,,,,,,,,,,,,,,,,,,,,,,,,,,,,,,,,,,,
Other,,,,,,,,,,,,,,,,,,,,,,,,,,,,,,,,,,,,,,,,,,,,,,,,,,,,,,,,,,,,,,,,,,,,,,,,,,,,,,,,,,,,,,,,,,,,,,,,,,,,,
,effectOfForexChangesOnCash,-17260000.0,-3845000.0,-7977000.0,11254000.0,-18380000.0,-12348000.0,2880000.0,-3275000.0,-15914000.0,15714000.0,2937000.0,-10353000.0,-16973000.0,4841000.0,-18009000.0,-7259000.0,13855000.0,0.0,14200000.0,-6300000.0
,,,,,,,,,,,,,,,,,,,,,,,,,,,,,,,,,,,,,,,,,,,,,,,,,,,,,,,,,,,,,,,,,,,,,,,,,,,,,,,,,,,,,,,,,,,,,,,,,,,,,
Cash&CashFlow,,,,,,,,,,,,,,,,,,,,,,,,,,,,,,,,,,,,,,,,,,,,,,,,,,,,,,,,,,,,,,,,,,,,,,,,,,,,,,,,,,,,,,,,,,,,,,,,,,,,,
,netChangeInCash,110974000.0,31457000.0,-168403000.0,34813000.0,106061000.0,58911000.0,5000000.0,14500000.0,-56100000.0,-58500000.0,-67000000.0,-51700000.0,100700000.0,-18000000.0,82000000.0,27500000.0,26000000.0,-8597000.0,22200000.0,5100000.0
,cashAtEndOfPeriod,130988000.0,118532000.0,90054000.0,258457000.0,223644000.0,117611000.0,58700000.0,53600000.0,39200000.0,95200000.0,153800000.0,220800000.0,272400000.0,171700000.0,189700000.0,107800000.0,80300000.0,11457000.0,22200000.0,92175000.0
,cashAtBeginningOfPeriod,20014000.0,87075000.0,258457000.0,223644000.0,117583000.0,58700000.0,53700000.0,39100000.0,95300000.0,153700000.0,220800000.0,272500000.0,171700000.0,189700000.0,107700000.0,80300000.0,54300000.0,0.0,0.0,87075000.0
,operatingCashFlow,-46045000.0,-4460000.0,132305000.0,97161000.0,116552000.0,135258000.0,37100000.0,55900000.0,20400000.0,66200000.0,68700000.0,106800000.0,118800000.0,65500000.0,75800000.0,38100000.0,41900000.0,0.0,17600000.0,11800000.0
,capitalExpenditure,-5938000.0,-9416000.0,-9649000.0,-11195000.0,-35797000.0,-36436000.0,-23906000.0,-22747000.0,-39167000.0,-15053000.0,106000.0,159000.0,-110000.0,685000.0,336000.0,39000.0,62000.0,0.0,-6700000.0,-1900000.0
,freeCashFlow,-51983000.0,-15260000.0,122656000.0,85966000.0,80755000.0,98822000.0,13200000.0,33200000.0,-18800000.0,51100000.0,66000000.0,102000000.0,115200000.0,61800000.0,74000000.0,34700000.0,39100000.0,0.0,10900000.0,9900000.0
