date,,2020-12-31_FY,2019-12-31_FY,2018-12-31_FY,2017-12-31_FY,2016-12-31_FY,2015-12-31_FY,2014-12-31_FY,2013-12-31_FY,2012-12-31_FY,2011-12-31_FY,2010-12-31_FY,2009-12-31_FY,2008-12-31_FY,2007-12-31_FY,2006-12-31_FY,2005-12-31_FY,2004-12-31_FY,2003-12-31_FY,2002-12-31_FY,2001-12-31_FY,2000-12-31_FY,1999-12-31_FY,1998-12-31_FY,1997-12-31_FY,1996-12-31_FY,1995-12-31_FY,1994-12-31_FY,1993-12-31_FY,1992-12-31_FY,1991-12-31_FY,1990-12-31_FY,1989-12-31_FY
,,,,,,,,,,,,,,,,,,,,,,,,,,,,,,,,,,,,,,,,,,,,,,,,,,,,,,,,,,,,,,,,,,,,,,,,,,,,,,,,,,,,,,,,,,,,,,,,,,,,,
CashProvidedByOperatingActivites,,,,,,,,,,,,,,,,,,,,,,,,,,,,,,,,,,,,,,,,,,,,,,,,,,,,,,,,,,,,,,,,,,,,,,,,,,,,,,,,,,,,,,,,,,,,,,,,,,,,,
,netIncome,-316000000.0,-17200000.0,75500000.0,-65300000.0,-47700000.0,-109900000.0,46700000.0,108500000.0,145600000.0,134000000.0,236100000.0,189300000.0,-130100000.0,-79100000.0,-278700000.0,-1731900000.0,38600000.0,258700000.0,223000000.0,-67100000.0,225000000.0,510700000.0,387000000.0,-853600000.0,49700000.0,-624600000.0,100500000.0,565400000.0,361200000.0,-1393300000.0,-436700000.0,-639300000.0
,depreciationAndAmortization,29000.0,147400000.0,164100000.0,156500000.0,155600000.0,180100000.0,168600000.0,159600000.0,174600000.0,194800000.0,250600000.0,352500000.0,418000000.0,380500000.0,388500000.0,374200000.0,394000000.0,342600000.0,297800000.0,302200000.0,271000000.0,265200000.0,266400000.0,1216900000.0,329700000.0,395600000.0,450200000.0,476700000.0,530200000.0,951600000.0,752200000.0,704200000.0
,deferredIncomeTax,-13000.0,4400000.0,8200000.0,0.0,0.0,0.0,0.0,0.0,0.0,0.0,-34400000.0,-87900000.0,-9900000.0,82700000.0,-66500000.0,1491200000.0,-41200000.0,57200000.0,39400000.0,-44400000.0,85600000.0,-9900000.0,-26800000.0,-25300000.0,-51000000.0,-223100000.0,-55800000.0,202600000.0,-12200000.0,-39000000.0,14600000.0,14400000.0
,stockBasedCompensation,14000.0,13200000.0,13200000.0,11200000.0,9500000.0,9400000.0,10400000.0,12500000.0,14300000.0,25700000.0,9400000.0,700000.0,0.0,0.0,0.0,0.0,0.0,0.0,0.0,0.0,0.0,0.0,0.0,0.0,0.0,0.0,0.0,0.0,0.0,0.0,0.0,0.0
,changeInWorkingCapital,277000000.0,-84100000.0,-39800000.0,372200000.0,-119500000.0,-154400000.0,-196400000.0,33900000.0,-5200000.0,-51400000.0,230100000.0,96600000.0,-104200000.0,9400000.0,-31700000.0,-56300000.0,190300000.0,443000000.0,-119500000.0,-20200000.0,-326000000.0,-7000000.0,-74900000.0,-358900000.0,596700000.0,-560800000.0,130400000.0,-53600000.0,-16600000.0,1312300000.0,981100000.0,382900000.0
,accountsReceivables,-74000.0,0.0,0.0,0.0,0.0,0.0,0.0,0.0,0.0,0.0,0.0,0.0,0.0,0.0,0.0,0.0,0.0,0.0,0.0,0.0,0.0,0.0,0.0,0.0,0.0,0.0,0.0,0.0,0.0,0.0,0.0,0.0
,inventory,3000.0,6100000.0,-5500000.0,4100000.0,15300000.0,-3700000.0,6300000.0,-6500000.0,14200000.0,22100000.0,12400000.0,14000000.0,27200000.0,10700000.0,19400000.0,20900000.0,23000000.0,54100000.0,53000000.0,79700000.0,-52500000.0,98000000.0,98200000.0,81500000.0,32100000.0,-15400000.0,-19100000.0,119900000.0,151000000.0,372300000.0,303100000.0,722700000.0
,accountsPayables,3000.0,0.0,0.0,0.0,0.0,0.0,0.0,0.0,0.0,0.0,0.0,0.0,0.0,0.0,0.0,0.0,0.0,0.0,0.0,0.0,0.0,0.0,0.0,0.0,0.0,0.0,0.0,0.0,0.0,0.0,0.0,0.0
,otherWorkingCapital,571000000.0,294000000.0,378100000.0,417900000.0,45700000.0,165200000.0,319600000.0,516000000.0,482100000.0,487300000.0,538700000.0,308600000.0,212000000.0,316200000.0,306800000.0,338500000.0,394800000.0,204500000.0,-238500000.0,-119000000.0,-98800000.0,227200000.0,234200000.0,309100000.0,668000000.0,71300000.0,632100000.0,0.0,0.0,0.0,0.0,0.0
,otherNonCashItems,0.0,-81700000.0,-133000000.0,-125700000.0,-123600000.0,-143700000.0,-175600000.0,-147800000.0,-2700000.0,0.0,77200000.0,0.0,42900000.0,55100000.0,6700000.0,53400000.0,34700000.0,-19400000.0,11900000.0,0.0,0.0,63100000.0,-1700000.0,102200000.0,-11900000.0,50300000.0,15800000.0,32400000.0,378900000.0,87900000.0,29200000.0,5000000.0
,netCashProvidedByOperatingActivites,-681000.0,123900000.0,73900000.0,166400000.0,218200000.0,1200000.0,121400000.0,187400000.0,261300000.0,317200000.0,336800000.0,396800000.0,254600000.0,173100000.0,28700000.0,282000000.0,469800000.0,529200000.0,324500000.0,202400000.0,419900000.0,517600000.0,650000000.0,364400000.0,-110200000.0,756000000.0,648800000.0,1019700000.0,1176500000.0,919500000.0,1340400000.0,467200000.0
,,,,,,,,,,,,,,,,,,,,,,,,,,,,,,,,,,,,,,,,,,,,,,,,,,,,,,,,,,,,,,,,,,,,,,,,,,,,,,,,,,,,,,,,,,,,,,,,,,,,,
CashProvidedByInvestingActivites,,,,,,,,,,,,,,,,,,,,,,,,,,,,,,,,,,,,,,,,,,,,,,,,,,,,,,,,,,,,,,,,,,,,,,,,,,,,,,,,,,,,,,,,,,,,,,,,,,,,,
,investmentsInPropertyPlantAndEquipment,-27700000.0,-38300000.0,-35600000.0,-25800000.0,-32500000.0,-49600000.0,-53300000.0,-47200000.0,-40100000.0,-42200000.0,-64100000.0,-45900000.0,-294500000.0,-309000000.0,-175500000.0,-112000000.0,-314500000.0,-5122100000.0,-196200000.0,-208500000.0,-198300000.0,-273500000.0,-207300000.0,-179900000.0,-162300000.0,-195000000.0,-225700000.0,-196800000.0,-251700000.0,-248300000.0,-460100000.0,-615400000.0
,acquisitionsNet,1163000000.0,0.0,0.0,0.0,0.0,0.0,0.0,0.0,0.0,-16000000.0,117000000.0,16000000.0,-6000000.0,-1000000.0,-1000000.0,-2000000.0,0.0,0.0,0.0,0.0,0.0,0.0,0.0,0.0,0.0,0.0,0.0,0.0,0.0,0.0,0.0,0.0
,purchasesOfInvestments,-3379000.0,-3566100000.0,-3722000000.0,-4692400000.0,-4490000000.0,-3806200000.0,-5640300000.0,-5325800000.0,-4107200000.0,-688200000.0,-416500000.0,-489600000.0,-6190300000.0,-7728300000.0,-7535900000.0,-7835300000.0,-6054300000.0,-144100000.0,-3485400000.0,-3009000000.0,-716700000.0,-1013800000.0,-2006500000.0,-1629000000.0,-1845900000.0,-3329600000.0,-1913600000.0,-2135300000.0,-2107400000.0,-3624300000.0,-3912600000.0,-3759700000.0
,salesMaturitiesOfInvestments,0.0,3568900000.0,3708000000.0,4717200000.0,4455900000.0,3831600000.0,5654000000.0,5315900000.0,4108500000.0,691200000.0,417400000.0,404100000.0,6208200000.0,7718500000.0,7522000000.0,7726200000.0,6026500000.0,5054000000.0,3447100000.0,3028700000.0,790400000.0,1033800000.0,1991000000.0,1667300000.0,1846100000.0,3326300000.0,1990600000.0,1967700000.0,2060100000.0,3652900000.0,3775300000.0,3889700000.0
,otherInvestingActivites,0.0,-49700000.0,-73900000.0,-87100000.0,-52300000.0,-91600000.0,-82100000.0,-41200000.0,-36700000.0,50700000.0,23400000.0,17400000.0,0.0,0.0,299600000.0,-143800000.0,-119600000.0,0.0,-139900000.0,-136800000.0,-152400000.0,-122800000.0,-99400000.0,-132900000.0,-116200000.0,-123000000.0,-121300000.0,0.0,-110200000.0,-167200000.0,-208900000.0,-272400000.0
,netCashUsedForInvestingActivites,1041600000.0,-158200000.0,-185000000.0,-152500000.0,-182200000.0,-177900000.0,-195300000.0,-162700000.0,-126700000.0,-96300000.0,-61600000.0,-271300000.0,-283000000.0,-290700000.0,109100000.0,-343000000.0,-479600000.0,-468800000.0,-379200000.0,-325600000.0,-270900000.0,-328400000.0,-275000000.0,-291600000.0,-218800000.0,-333300000.0,-245200000.0,-337900000.0,-318900000.0,-42800000.0,-651000000.0,-611800000.0
,,,,,,,,,,,,,,,,,,,,,,,,,,,,,,,,,,,,,,,,,,,,,,,,,,,,,,,,,,,,,,,,,,,,,,,,,,,,,,,,,,,,,,,,,,,,,,,,,,,,,
CashProvidedByFinancingingActivites,,,,,,,,,,,,,,,,,,,,,,,,,,,,,,,,,,,,,,,,,,,,,,,,,,,,,,,,,,,,,,,,,,,,,,,,,,,,,,,,,,,,,,,,,,,,,,,,,,,,,
,debtRepayment,-454000.0,-14400000.0,-2300000.0,-107500000.0,-129800000.0,-10400000.0,0.0,0.0,-388900000.0,-555700000.0,-92800000.0,-30000000.0,0.0,0.0,0.0,0.0,0.0,0.0,0.0,0.0,0.0,0.0,0.0,0.0,0.0,0.0,0.0,0.0,0.0,0.0,0.0,0.0
,commonStockIssued,0.0,0.0,0.0,0.0,0.0,0.0,0.0,0.0,0.0,0.0,0.0,0.0,0.0,12300000.0,1600000.0,12800000.0,38800000.0,31500000.0,0.0,33600000.0,51100000.0,87700000.0,79100000.0,0.0,0.0,0.0,0.0,0.0,0.0,0.0,150000000.0,245700000.0
,commonStockRepurchased,0.0,0.0,0.0,0.0,0.0,0.0,-35700000.0,-11700000.0,0.0,0.0,0.0,0.0,0.0,0.0,0.0,0.0,0.0,0.0,0.0,0.0,0.0,-197000000.0,0.0,-150000000.0,0.0,0.0,0.0,0.0,0.0,0.0,0.0,0.0
,dividendsPaid,0.0,0.0,0.0,0.0,0.0,0.0,-4000000.0,-16200000.0,-16200000.0,-12200000.0,0.0,0.0,0.0,0.0,0.0,0.0,0.0,0.0,0.0,0.0,0.0,-59400000.0,-106500000.0,-113100000.0,-120800000.0,-120200000.0,-228000000.0,-183700000.0,-46100000.0,-26500000.0,-229800000.0,-264200000.0
,otherFinancingActivites,0.0,-54100000.0,-2500000.0,-15500000.0,-34600000.0,-300000.0,-600000.0,0.0,-4500000.0,-2600000.0,-100000.0,-16100000.0,-800000.0,-5800000.0,-4600000.0,0.0,0.0,0.0,0.0,0.0,0.0,0.0,0.0,-37700000.0,600000.0,2800000.0,3700000.0,7100000.0,1700000.0,0.0,37400000.0,-21500000.0
,netCashUsedProvidedByFinancingActivities,5100000.0,-38000000.0,-4800000.0,329900000.0,-16700000.0,90600000.0,-36900000.0,-23000000.0,-204400000.0,-319400000.0,-91500000.0,-46100000.0,-200900000.0,209600000.0,-77900000.0,62400000.0,15300000.0,255500000.0,25300000.0,71600000.0,-217300000.0,-328400000.0,-570700000.0,-274100000.0,251200000.0,-182500000.0,-361500000.0,-618200000.0,-837700000.0,-463600000.0,-270100000.0,146000000.0
,,,,,,,,,,,,,,,,,,,,,,,,,,,,,,,,,,,,,,,,,,,,,,,,,,,,,,,,,,,,,,,,,,,,,,,,,,,,,,,,,,,,,,,,,,,,,,,,,,,,,
Other,,,,,,,,,,,,,,,,,,,,,,,,,,,,,,,,,,,,,,,,,,,,,,,,,,,,,,,,,,,,,,,,,,,,,,,,,,,,,,,,,,,,,,,,,,,,,,,,,,,,,
,effectOfForexChangesOnCash,-10600000.0,0.0,-24100000.0,19200000.0,-13900000.0,-43000000.0,-34700000.0,-17500000.0,10500000.0,-14900000.0,-3000000.0,24200000.0,-56900000.0,18900000.0,16900000.0,-19400000.0,19100000.0,18200000.0,5300000.0,-500000.0,-17700000.0,-13200000.0,-3000000.0,-24900000.0,-7300000.0,5700000.0,-9100000.0,-37300000.0,-24400000.0,-2900000.0,-25100000.0,-18500000.0
,,,,,,,,,,,,,,,,,,,,,,,,,,,,,,,,,,,,,,,,,,,,,,,,,,,,,,,,,,,,,,,,,,,,,,,,,,,,,,,,,,,,,,,,,,,,,,,,,,,,,
Cash&CashFlow,,,,,,,,,,,,,,,,,,,,,,,,,,,,,,,,,,,,,,,,,,,,,,,,,,,,,,,,,,,,,,,,,,,,,,,,,,,,,,,,,,,,,,,,,,,,,,,,,,,,,
,netChangeInCash,354000.0,-72300000.0,-140000000.0,363000000.0,5400000.0,-129100000.0,-145500000.0,-15800000.0,-59300000.0,-113400000.0,180700000.0,103600000.0,-286200000.0,110900000.0,76800000.0,-18000000.0,24600000.0,334100000.0,-24100000.0,-52100000.0,-86000000.0,-152400000.0,-198700000.0,-226200000.0,-85100000.0,245900000.0,33000000.0,0.0,0.0,0.0,0.0,0.0
,cashAtEndOfPeriod,906000.0,551800000.0,624100000.0,764100000.0,370600000.0,365200000.0,494300000.0,639800000.0,655600000.0,714900000.0,828300000.0,647600000.0,544000000.0,830200000.0,719300000.0,642500000.0,660500000.0,635900000.0,301800000.0,325900000.0,378000000.0,464000000.0,604300000.0,803000000.0,1029200000.0,1114300000.0,868400000.0,0.0,0.0,0.0,0.0,0.0
,cashAtBeginningOfPeriod,551000.0,624100000.0,764100000.0,401100000.0,365200000.0,494300000.0,639800000.0,655600000.0,714900000.0,828300000.0,647600000.0,544000000.0,830200000.0,719300000.0,642500000.0,660500000.0,635900000.0,301800000.0,325900000.0,378000000.0,464000000.0,616400000.0,803000000.0,1029200000.0,1114300000.0,868400000.0,835400000.0,809100000.0,813600000.0,403400000.0,9200000.0,26300000.0
,operatingCashFlow,-681000.0,123900000.0,73900000.0,166400000.0,218200000.0,1200000.0,121400000.0,187400000.0,261300000.0,317200000.0,336800000.0,396800000.0,254600000.0,173100000.0,28700000.0,282000000.0,469800000.0,529200000.0,324500000.0,202400000.0,419900000.0,517600000.0,650000000.0,364400000.0,-110200000.0,756000000.0,648800000.0,1019700000.0,1176500000.0,919500000.0,1340400000.0,467200000.0
,capitalExpenditure,0.0,-111300000.0,-116300000.0,-90200000.0,-95800000.0,-111700000.0,-126900000.0,-111500000.0,-96500000.0,-134400000.0,-203100000.0,-201300000.0,-294500000.0,-309000000.0,-175500000.0,-112000000.0,-314500000.0,-5122100000.0,-196200000.0,-208500000.0,-198300000.0,-273500000.0,-207300000.0,-179900000.0,-162300000.0,-195000000.0,-225700000.0,-196800000.0,-251700000.0,-248300000.0,-460100000.0,-615400000.0
,freeCashFlow,-681000.0,12600000.0,-42400000.0,76200000.0,122400000.0,-110500000.0,-5500000.0,75900000.0,164800000.0,182800000.0,133700000.0,195500000.0,-39900000.0,-135900000.0,-146800000.0,170000000.0,155300000.0,-4592900000.0,128300000.0,-6100000.0,221600000.0,244100000.0,442700000.0,184500000.0,-272500000.0,561000000.0,423100000.0,822900000.0,924800000.0,671200000.0,880300000.0,-148200000.0
