date,,2020-12-31_FY,2019-12-31_FY,2018-12-31_FY,2017-12-31_FY,2016-12-31_FY,2015-12-31_FY,2014-12-31_FY,2013-12-31_FY,2012-12-31_FY,2011-12-31_FY,2010-12-31_FY,2009-12-31_FY,2008-12-31_FY,2007-12-31_FY,2006-12-31_FY,2005-12-31_FY,2004-12-31_FY,2003-12-31_FY,2002-12-31_FY,2001-12-31_FY,2000-12-31_FY,1999-12-31_FY,1998-12-31_FY,1997-12-31_FY,1996-12-31_FY,1995-12-31_FY,1994-12-31_FY,1993-12-31_FY,1992-12-31_FY,1991-12-31_FY,1990-12-31_FY,1989-12-31_FY
,,,,,,,,,,,,,,,,,,,,,,,,,,,,,,,,,,,,,,,,,,,,,,,,,,,,,,,,,,,,,,,,,,,,,,,,,,,,,,,,,,,,,,,,,,,,,,,,,,,,,
CashProvidedByOperatingActivites,,,,,,,,,,,,,,,,,,,,,,,,,,,,,,,,,,,,,,,,,,,,,,,,,,,,,,,,,,,,,,,,,,,,,,,,,,,,,,,,,,,,,,,,,,,,,,,,,,,,,
,netIncome,286502000.0,243600000.0,195513000.0,247105000.0,158801000.0,116073000.0,120655000.0,133965000.0,122717000.0,106472000.0,91002000.0,89484000.0,98075000.0,74213000.0,59767000.0,56318000.0,42839000.0,58879000.0,57173000.0,65230000.0,65111000.0,64077000.0,54200000.0,61700000.0,57500000.0,52200000.0,47800000.0,41100000.0,39400000.0,39500000.0,37200000.0,40100000.0
,depreciationAndAmortization,62803000.0,56258000.0,53116000.0,54875000.0,54556000.0,52751000.0,46355000.0,44221000.0,40847000.0,42931000.0,39376000.0,38107000.0,37729000.0,32223000.0,33721000.0,45856000.0,59681000.0,58020000.0,41172000.0,26913000.0,37644000.0,1454000.0,13400000.0,39200000.0,23800000.0,23400000.0,22300000.0,56100000.0,14000000.0,12500000.0,13100000.0,13800000.0
,deferredIncomeTax,-4491000.0,613000.0,-17897000.0,63350000.0,3829000.0,-4848000.0,-11456000.0,-5123000.0,3675000.0,-197000.0,-13226000.0,-5966000.0,-5023000.0,1253000.0,-569000.0,3259000.0,6362000.0,-5440000.0,-2427000.0,-1774000.0,-836000.0,5614000.0,1000000.0,700000.0,-4000000.0,-4000000.0,400000.0,-200000.0,2800000.0,800000.0,-3500000.0,-5800000.0
,stockBasedCompensation,15120000.0,14850000.0,11074000.0,13316000.0,11735000.0,10751000.0,9661000.0,7936000.0,6917000.0,6510000.0,5953000.0,5313000.0,4212000.0,0.0,0.0,0.0,0.0,0.0,0.0,0.0,0.0,0.0,0.0,0.0,0.0,0.0,0.0,0.0,0.0,0.0,0.0,0.0
,changeInWorkingCapital,23857865000.0,-2817447000.0,-1529207000.0,-867395000.0,-1528895000.0,-1266481000.0,-447000000.0,-15401000000.0,0.0,0.0,0.0,0.0,0.0,0.0,0.0,0.0,0.0,7218000000.0,726000000.0,-801000000.0,298000000.0,-495000000.0,-561000000.0,-506000000.0,-261000000.0,378000000.0,-5996000000.0,0.0,0.0,0.0,0.0,-6600000.0
,accountsReceivables,0.0,0.0,0.0,0.0,0.0,0.0,0.0,0.0,0.0,0.0,0.0,0.0,0.0,0.0,0.0,0.0,0.0,0.0,0.0,0.0,0.0,0.0,0.0,0.0,0.0,0.0,0.0,0.0,0.0,0.0,0.0,0.0
,inventory,0.0,0.0,0.0,0.0,0.0,0.0,0.0,0.0,0.0,0.0,0.0,0.0,0.0,0.0,0.0,0.0,0.0,0.0,0.0,0.0,0.0,0.0,0.0,0.0,0.0,0.0,0.0,0.0,0.0,0.0,0.0,0.0
,accountsPayables,0.0,0.0,0.0,0.0,0.0,0.0,0.0,0.0,0.0,0.0,0.0,0.0,0.0,0.0,0.0,0.0,0.0,0.0,0.0,0.0,0.0,0.0,0.0,0.0,0.0,0.0,0.0,0.0,0.0,0.0,0.0,0.0
,otherWorkingCapital,440000.0,-23857425000.0,-21039978000.0,-19510771000.0,-18643376000.0,-17114481000.0,-15848000000.0,-15401000000.0,0.0,0.0,0.0,0.0,0.0,0.0,0.0,0.0,0.0,0.0,-7218000000.0,-7944000000.0,-7143000000.0,-7441000000.0,-6946000000.0,-6385000000.0,-5879000000.0,-5618000000.0,-5996000000.0,0.0,0.0,0.0,0.0,0.0
,otherNonCashItems,5190000.0,-3241000.0,-549000.0,5380000.0,-2916000.0,1366000.0,1870000.0,3857000.0,8593000.0,240000.0,125000.0,132000.0,140000.0,1344000.0,10553000.0,6398000.0,7189000.0,19091000.0,16595000.0,-9631000.0,36764000.0,-31381000.0,38100000.0,35300000.0,31100000.0,-15600000.0,68000000.0,-28900000.0,24300000.0,-14300000.0,-21700000.0,3000000.0
,netCashProvidedByOperatingActivites,373598000.0,341425000.0,297097000.0,326526000.0,296440000.0,210961000.0,243779000.0,295198000.0,223744000.0,213043000.0,179994000.0,146690000.0,134031000.0,131281000.0,128837000.0,105272000.0,117038000.0,158291000.0,107501000.0,84814000.0,156708000.0,19916000.0,100100000.0,142000000.0,103700000.0,76300000.0,127600000.0,60500000.0,127800000.0,38900000.0,21000000.0,41800000.0
,,,,,,,,,,,,,,,,,,,,,,,,,,,,,,,,,,,,,,,,,,,,,,,,,,,,,,,,,,,,,,,,,,,,,,,,,,,,,,,,,,,,,,,,,,,,,,,,,,,,,
CashProvidedByInvestingActivites,,,,,,,,,,,,,,,,,,,,,,,,,,,,,,,,,,,,,,,,,,,,,,,,,,,,,,,,,,,,,,,,,,,,,,,,,,,,,,,,,,,,,,,,,,,,,,,,,,,,,
,investmentsInPropertyPlantAndEquipment,-60216000.0,-72313000.0,-57940000.0,-36447000.0,-50841000.0,-53760000.0,-44790000.0,-38313000.0,-44038000.0,-35557000.0,-32592000.0,-23426000.0,-20637000.0,0.0,0.0,0.0,0.0,0.0,0.0,0.0,0.0,0.0,0.0,0.0,0.0,0.0,0.0,0.0,0.0,0.0,0.0,0.0
,acquisitionsNet,0.0,-18000000.0,-9000000.0,165000000.0,0.0,95000000.0,-18000000.0,26000000.0,18000000.0,-8000000.0,-159000000.0,-48000000.0,-47000000.0,-1000000.0,-43000000.0,-101000000.0,0.0,0.0,0.0,0.0,0.0,0.0,0.0,0.0,0.0,0.0,0.0,0.0,0.0,0.0,0.0,0.0
,purchasesOfInvestments,-4592852000.0,-2545747000.0,-1519736000.0,-1822227000.0,-3046710000.0,-2375097000.0,-1969000000.0,-2373836000.0,-3600684000.0,-3043688000.0,-3437448000.0,-3439942000.0,-4680619000.0,-1933590000.0,-8635626000.0,-9666090000.0,-10102699000.0,-13038237000.0,-16566528000.0,-28550036000.0,-7565512000.0,-10031204000.0,-10094500000.0,-2228500000.0,-2047400000.0,-1687300000.0,-1125100000.0,-1183400000.0,-3244100000.0,-1704300000.0,-1363100000.0,-1185100000.0
,salesMaturitiesOfInvestments,3031486000.0,1875015000.0,1227305000.0,1864946000.0,2792160000.0,2205998000.0,1760360000.0,2214931000.0,2717178000.0,2582842000.0,2653467000.0,3348804000.0,3299338000.0,1979373000.0,8409557000.0,9861158000.0,9993967000.0,13251626000.0,16968912000.0,27229061000.0,8314238000.0,9818454000.0,9259400000.0,2034800000.0,2035800000.0,2249400000.0,1128500000.0,1126700000.0,2896700000.0,1454400000.0,1169100000.0,988800000.0
,otherInvestingActivites,-98511000.0,2187000.0,16000.0,-60199000.0,-7095000.0,-204647000.0,-6000000.0,0.0,0.0,0.0,0.0,-174405000.0,0.0,-172015000.0,-205359000.0,-630084000.0,-148562000.0,-85649000.0,128318000.0,210107000.0,-183329000.0,-258783000.0,193200000.0,-183400000.0,-180400000.0,-135800000.0,-115400000.0,-89600000.0,-133700000.0,213200000.0,-152400000.0,500000.0
,netCashUsedForInvestingActivites,-4491087000.0,-3000429000.0,-1750293000.0,-478578000.0,-1502443000.0,-1330237000.0,-1430979000.0,-1020848000.0,-1541531000.0,-722372000.0,-979217000.0,-363652000.0,-1470022000.0,-154405000.0,-514508000.0,-480445000.0,-298917000.0,107659000.0,506966000.0,-1168886000.0,521806000.0,-524238000.0,-692800000.0,-414500000.0,-214000000.0,398400000.0,-128700000.0,-159100000.0,-500400000.0,-53300000.0,-362200000.0,-208300000.0
,,,,,,,,,,,,,,,,,,,,,,,,,,,,,,,,,,,,,,,,,,,,,,,,,,,,,,,,,,,,,,,,,,,,,,,,,,,,,,,,,,,,,,,,,,,,,,,,,,,,,
CashProvidedByFinancingingActivites,,,,,,,,,,,,,,,,,,,,,,,,,,,,,,,,,,,,,,,,,,,,,,,,,,,,,,,,,,,,,,,,,,,,,,,,,,,,,,,,,,,,,,,,,,,,,,,,,,,,,
,debtRepayment,-15000000.0,-4826000.0,-1653000.0,-1524000.0,-11703000.0,-10816000.0,-1565000.0,-1310000.0,-1679000.0,-4055000.0,-15416000.0,-12467000.0,-22253000.0,-4468000.0,-2231000.0,-2690000.0,-4209000.0,-16017000.0,-3586000.0,-3353000.0,-13478000.0,-5649000.0,-5400000.0,-6800000.0,-6700000.0,-5600000.0,-5200000.0,-7800000.0,-8700000.0,-5100000.0,-5100000.0,-1600000.0
,commonStockIssued,0.0,0.0,0.0,0.0,0.0,0.0,0.0,231430000.0,0.0,0.0,0.0,0.0,0.0,0.0,0.0,0.0,0.0,0.0,0.0,0.0,0.0,0.0,0.0,0.0,0.0,0.0,0.0,0.0,0.0,0.0,0.0,0.0
,commonStockRepurchased,-63766000.0,-4496000.0,-76507000.0,-15276000.0,-16367000.0,-8457000.0,-5741000.0,-3501000.0,-20419000.0,-9142000.0,-8879000.0,-26894000.0,-23406000.0,0.0,0.0,0.0,0.0,0.0,0.0,0.0,0.0,0.0,0.0,0.0,0.0,0.0,0.0,0.0,0.0,0.0,0.0,0.0
,dividendsPaid,-60281000.0,-59436000.0,-58279000.0,-51876000.0,-49038000.0,-45967000.0,-41364000.0,-36168000.0,-33787000.0,-31801000.0,-30328000.0,-28792000.0,-26814000.0,-29278000.0,-21833000.0,-19015000.0,-18203000.0,-17618000.0,-17658000.0,-17000000.0,-17134000.0,-16035000.0,-16400000.0,-15600000.0,-15200000.0,-15100000.0,-14700000.0,-13100000.0,-11000000.0,-10100000.0,-10000000.0,-11200000.0
,otherFinancingActivites,-2250000.0,0.0,0.0,0.0,-3031000.0,-20550000.0,-11845000.0,-14948000.0,-17012000.0,-8237000.0,152000.0,191000.0,367000.0,0.0,-1000.0,0.0,0.0,0.0,0.0,0.0,0.0,0.0,0.0,100000.0,-106800000.0,-88300000.0,176000000.0,-115300000.0,-87100000.0,239900000.0,265600000.0,-100000.0
,netCashUsedProvidedByFinancingActivities,5945885000.0,2654053000.0,1411055000.0,804347000.0,1450858000.0,151158000.0,392002000.0,1941684000.0,1224550000.0,935343000.0,603195000.0,559048000.0,1416950000.0,298536000.0,317279000.0,477326000.0,31673000.0,-310503000.0,-713436000.0,899420000.0,-469298000.0,419898000.0,522000000.0,422800000.0,186600000.0,-549100000.0,105500000.0,152100000.0,223400000.0,336900000.0,160100000.0,239900000.0
,,,,,,,,,,,,,,,,,,,,,,,,,,,,,,,,,,,,,,,,,,,,,,,,,,,,,,,,,,,,,,,,,,,,,,,,,,,,,,,,,,,,,,,,,,,,,,,,,,,,,
Other,,,,,,,,,,,,,,,,,,,,,,,,,,,,,,,,,,,,,,,,,,,,,,,,,,,,,,,,,,,,,,,,,,,,,,,,,,,,,,,,,,,,,,,,,,,,,,,,,,,,,
,effectOfForexChangesOnCash,0.0,0.0,0.0,0.0,0.0,0.0,0.0,0.0,0.0,0.0,0.0,0.0,0.0,0.0,0.0,0.0,0.0,0.0,0.0,0.0,0.0,0.0,0.0,0.0,0.0,0.0,0.0,0.0,0.0,0.0,0.0,0.0
,,,,,,,,,,,,,,,,,,,,,,,,,,,,,,,,,,,,,,,,,,,,,,,,,,,,,,,,,,,,,,,,,,,,,,,,,,,,,,,,,,,,,,,,,,,,,,,,,,,,,
Cash&CashFlow,,,,,,,,,,,,,,,,,,,,,,,,,,,,,,,,,,,,,,,,,,,,,,,,,,,,,,,,,,,,,,,,,,,,,,,,,,,,,,,,,,,,,,,,,,,,,,,,,,,,,
,netChangeInCash,1828396000.0,-4951000.0,-42141000.0,652295000.0,244855000.0,-968118000.0,-795198000.0,1216034000.0,-93237000.0,426014000.0,-196028000.0,342086000.0,80959000.0,275412000.0,-68392000.0,102153000.0,-150206000.0,-44553000.0,-98969000.0,-184652000.0,209216000.0,-84424000.0,-100000.0,-100000.0,-100000.0,0.0,0.0,0.0,-100000.0,-100000.0,0.0,0.0
,cashAtEndOfPeriod,3497566000.0,1669170000.0,1674121000.0,1716262000.0,1063967000.0,819112000.0,1787230000.0,2582428000.0,1366394000.0,1459631000.0,1033617000.0,1229645000.0,887559000.0,806600000.0,531188000.0,599580000.0,497382000.0,647150000.0,691703000.0,790672000.0,975324000.0,766108000.0,0.0,0.0,0.0,0.0,0.0,0.0,0.0,0.0,0.0,0.0
,cashAtBeginningOfPeriod,1669170000.0,1674121000.0,1716262000.0,1063967000.0,819112000.0,1787230000.0,2582428000.0,1366394000.0,1459631000.0,1033617000.0,1229645000.0,887559000.0,806600000.0,531188000.0,599580000.0,497427000.0,647588000.0,691703000.0,790672000.0,975324000.0,766108000.0,850532000.0,921300000.0,771100000.0,696400000.0,770800000.0,666400000.0,612800000.0,762100000.0,439700000.0,620800000.0,547400000.0
,operatingCashFlow,373598000.0,341425000.0,297097000.0,326526000.0,296440000.0,210961000.0,243779000.0,295198000.0,223744000.0,213043000.0,179994000.0,146690000.0,134031000.0,131281000.0,128837000.0,105272000.0,117038000.0,158291000.0,107501000.0,84814000.0,156708000.0,19916000.0,100100000.0,142000000.0,103700000.0,76300000.0,127600000.0,60500000.0,127800000.0,38900000.0,21000000.0,41800000.0
,capitalExpenditure,-60216000.0,-72313000.0,-57940000.0,-36447000.0,-50841000.0,-53760000.0,-44790000.0,-38313000.0,-44038000.0,-35557000.0,-32592000.0,-23426000.0,-20637000.0,-27388000.0,-39772000.0,-45429000.0,-41623000.0,-20081000.0,-23736000.0,-32003000.0,-43591000.0,-52207000.0,-50900000.0,-37400000.0,-22000000.0,-27900000.0,-16700000.0,-12800000.0,-19300000.0,-16600000.0,-15800000.0,-12500000.0
,freeCashFlow,313382000.0,269112000.0,239157000.0,290079000.0,245599000.0,157201000.0,198989000.0,256885000.0,179706000.0,177486000.0,147402000.0,123264000.0,113394000.0,103893000.0,89065000.0,59843000.0,75415000.0,138210000.0,83765000.0,52811000.0,113117000.0,-32291000.0,49200000.0,104600000.0,81700000.0,48400000.0,110900000.0,47700000.0,108500000.0,22300000.0,5200000.0,29300000.0
