date,,2020-12-31_FY,2019-12-31_FY,2018-12-31_FY,2017-12-31_FY,2016-12-31_FY,2015-12-31_FY,2014-12-31_FY,2013-12-31_FY,2012-12-31_FY,2011-12-31_FY,2010-12-31_FY,2009-12-31_FY,2008-12-31_FY,2007-12-31_FY,2006-12-31_FY,2005-12-31_FY,2004-12-31_FY,2003-12-31_FY,2002-12-31_FY,2001-12-31_FY,2000-12-31_FY,1999-12-31_FY,1998-12-31_FY,1997-12-31_FY,1996-12-31_FY
,,,,,,,,,,,,,,,,,,,,,,,,,,,,,,,,,,,,,,,,,,,,,,,,,,,,,,,,,,,,,,,,,,,,,,,,,,,,,,,,,,,,,,,,,,,,,,,,,,,,,
CashProvidedByOperatingActivites,,,,,,,,,,,,,,,,,,,,,,,,,,,,,,,,,,,,,,,,,,,,,,,,,,,,,,,,,,,,,,,,,,,,,,,,,,,,,,,,,,,,,,,,,,,,,,,,,,,,,
,netIncome,412000000.0,326700000.0,294944000.0,262261000.0,304887000.0,398628000.0,351680000.0,292235000.0,251732000.0,170149000.0,123099000.0,115055000.0,130551000.0,109570000.0,84804000.0,55776000.0,32445000.0,22703000.0,-45449000.0,61780000.0,25393000.0,36623000.0,41700000.0,37300000.0,32700000.0
,depreciationAndAmortization,473000000.0,319200000.0,109297000.0,103248000.0,69795000.0,64734000.0,61261000.0,51193000.0,44136000.0,44849000.0,38586000.0,35519000.0,29826000.0,29140000.0,25894000.0,25670000.0,26112000.0,25284000.0,25513000.0,33061000.0,41662000.0,42614000.0,25200000.0,24600000.0,22200000.0
,deferredIncomeTax,29000000.0,-27300000.0,-5299000.0,-67423000.0,-10228000.0,4981000.0,-7054000.0,15248000.0,581000.0,-16595000.0,16248000.0,7391000.0,4870000.0,-2278000.0,4125000.0,1909000.0,-3169000.0,8824000.0,702000.0,-6278000.0,12193000.0,8189000.0,-3900000.0,-3500000.0,2500000.0
,stockBasedCompensation,19000000.0,50000000.0,25315000.0,21287000.0,20813000.0,26019000.0,26134000.0,24107000.0,19848000.0,18646000.0,11765000.0,3620000.0,10475000.0,0.0,0.0,0.0,0.0,0.0,0.0,0.0,0.0,0.0,0.0,0.0,0.0
,changeInWorkingCapital,-281100000.0,-1868877000.0,2111194000.0,-729209000.0,473320000.0,48610000.0,145415000.0,213768000.0,25482000.0,60818000.0,69418000.0,46863000.0,-33234000.0,67132000.0,61953000.0,62746000.0,9389000.0,59352000.0,487000.0,-147426000.0,13863000.0,147636000.0,46700000.0,500000.0,-1500000.0
,accountsReceivables,315000000.0,-6300000.0,-54611000.0,-68676000.0,19728000.0,21500000.0,-17413000.0,-149699000.0,-22976000.0,-68697000.0,-34255000.0,80541000.0,-20841000.0,0.0,0.0,0.0,0.0,0.0,0.0,0.0,0.0,0.0,0.0,0.0,0.0
,inventory,180000000.0,255900000.0,-108883000.0,-8955000.0,45340000.0,20147000.0,-64089000.0,26060000.0,-32491000.0,-79537000.0,-1650000.0,33360000.0,-42726000.0,-14317000.0,-17811000.0,-8516000.0,-6885000.0,-796000.0,17812000.0,12670000.0,6716000.0,-12875000.0,-17000000.0,1800000.0,8100000.0
,accountsPayables,-269000000.0,-144300000.0,48763000.0,-91722000.0,-18932000.0,-76650000.0,55378000.0,60976000.0,-12483000.0,59974000.0,44294000.0,-48238000.0,14303000.0,0.0,0.0,0.0,0.0,0.0,0.0,0.0,0.0,0.0,0.0,0.0,0.0
,otherWorkingCapital,653000000.0,934100000.0,2802977000.0,691783000.0,1420992000.0,947672000.0,899062000.0,753647000.0,539879000.0,514397000.0,453579000.0,384161000.0,337298000.0,370532000.0,303400000.0,241447000.0,178701000.0,169312000.0,109960000.0,109473000.0,256899000.0,243036000.0,95400000.0,48700000.0,48200000.0
,otherNonCashItems,0.0,0.0,0.0,0.0,0.0,0.0,0.0,0.0,0.0,170149000.0,0.0,0.0,0.0,9154000.0,4809000.0,0.0,0.0,0.0,0.0,0.0,0.0,0.0,100000.0,0.0,100000.0
,netCashProvidedByOperatingActivites,783000000.0,1015500000.0,314671000.0,188811000.0,449307000.0,448260000.0,472385000.0,235653000.0,237438000.0,248626000.0,176136000.0,160521000.0,159384000.0,142509000.0,151027000.0,84072000.0,52867000.0,55904000.0,15658000.0,119097000.0,60214000.0,77389000.0,42100000.0,67000000.0,58900000.0
,,,,,,,,,,,,,,,,,,,,,,,,,,,,,,,,,,,,,,,,,,,,,,,,,,,,,,,,,,,,,,,,,,,,,,,,,,,,,,,,,,,,,,,,,,,,,,,,,,,,,
CashProvidedByInvestingActivites,,,,,,,,,,,,,,,,,,,,,,,,,,,,,,,,,,,,,,,,,,,,,,,,,,,,,,,,,,,,,,,,,,,,,,,,,,,,,,,,,,,,,,,,,,,,,,,,,,,,,
,investmentsInPropertyPlantAndEquipment,-136000000.0,-185300000.0,-93305000.0,-89466000.0,-50216000.0,-49428000.0,-47662000.0,-41238000.0,-36001000.0,-37971000.0,-20843000.0,-18288000.0,-19715000.0,-20419000.0,-20942000.0,-22666000.0,-19262000.0,-17470000.0,-10464000.0,-14801000.0,-26335000.0,-30808000.0,-141500000.0,-42700000.0,-91700000.0
,acquisitionsNet,-40000000.0,-2996000000.0,-51000000.0,-945000000.0,-183000000.0,-130000000.0,-300000000.0,-223000000.0,-150000000.0,-109000000.0,-136000000.0,-101000000.0,-398000000.0,-74000000.0,-86000000.0,-36000000.0,0.0,0.0,0.0,0.0,0.0,0.0,0.0,0.0,0.0
,purchasesOfInvestments,0.0,0.0,0.0,0.0,0.0,0.0,0.0,0.0,0.0,0.0,0.0,0.0,0.0,0.0,0.0,0.0,0.0,0.0,0.0,0.0,0.0,0.0,0.0,0.0,0.0
,salesMaturitiesOfInvestments,0.0,0.0,0.0,0.0,0.0,0.0,0.0,0.0,0.0,0.0,0.0,0.0,0.0,0.0,0.0,0.0,0.0,0.0,0.0,0.0,0.0,0.0,0.0,0.0,0.0
,otherInvestingActivites,0.0,0.0,-14122000.0,733983000.0,-542099000.0,-202942000.0,0.0,0.0,0.0,0.0,0.0,-4741000.0,0.0,0.0,0.0,0.0,0.0,-127000.0,-99000.0,245944000.0,0.0,-3321000.0,0.0,0.0,0.0
,netCashUsedForInvestingActivites,-155400000.0,-3177800000.0,-147287000.0,-275729000.0,-775065000.0,-380136000.0,-347678000.0,-258692000.0,-184944000.0,-146182000.0,-156255000.0,-115221000.0,-417441000.0,-93934000.0,-106210000.0,-57607000.0,-17808000.0,-12549000.0,-10817000.0,227413000.0,-21485000.0,-66371000.0,-141500000.0,-42700000.0,-91700000.0
,,,,,,,,,,,,,,,,,,,,,,,,,,,,,,,,,,,,,,,,,,,,,,,,,,,,,,,,,,,,,,,,,,,,,,,,,,,,,,,,,,,,,,,,,,,,,,,,,,,,,
CashProvidedByFinancingingActivites,,,,,,,,,,,,,,,,,,,,,,,,,,,,,,,,,,,,,,,,,,,,,,,,,,,,,,,,,,,,,,,,,,,,,,,,,,,,,,,,,,,,,,,,,,,,,,,,,,,,,
,debtRepayment,-4077000000.0,-3423600000.0,-1453954000.0,-1269537000.0,-1102748000.0,-612680000.0,-493819000.0,-829842000.0,-311457000.0,-283202000.0,-218083000.0,-193324000.0,-3243000.0,0.0,0.0,0.0,0.0,0.0,0.0,0.0,0.0,0.0,0.0,0.0,0.0
,commonStockIssued,0.0,0.0,0.0,0.0,0.0,0.0,0.0,0.0,0.0,0.0,0.0,0.0,0.0,5406000.0,14630000.0,30053000.0,23387000.0,15876000.0,3695000.0,3359000.0,4291000.0,4911000.0,2500000.0,3500000.0,0.0
,commonStockRepurchased,0.0,0.0,0.0,0.0,-212176000.0,-387787000.0,-26757000.0,-32998000.0,-46556000.0,-26022000.0,-8381000.0,-19654000.0,-45796000.0,-17888000.0,-18874000.0,0.0,0.0,0.0,0.0,-585000.0,-12215000.0,-10630000.0,0.0,-44000000.0,-1600000.0
,dividendsPaid,-92000000.0,-81700000.0,-46277000.0,-42218000.0,-32430000.0,-26963000.0,-19246000.0,-12644000.0,-7666000.0,-3849000.0,-1914000.0,-1917000.0,-1940000.0,-1944000.0,-1945000.0,-1900000.0,-1811000.0,-1751000.0,-1808000.0,-1681000.0,-1695000.0,-986000.0,-1000000.0,-1000000.0,-1100000.0
,otherFinancingActivites,0.0,-16400000.0,-12322000.0,-6844000.0,-5435000.0,-11981000.0,-1409000.0,4266000.0,3125000.0,4415000.0,2570000.0,1906000.0,1922000.0,2098000.0,4382000.0,0.0,0.0,0.0,0.0,0.0,0.0,0.0,-2200000.0,100000.0,-100000.0
,netCashUsedProvidedByFinancingActivities,-619000000.0,461500000.0,1978111000.0,-97431000.0,524194000.0,-248914000.0,25506000.0,93014000.0,-124723000.0,-46759000.0,25848000.0,-12957000.0,189711000.0,-12985000.0,-1807000.0,28024000.0,-18539000.0,9176000.0,-44054000.0,-297187000.0,-38009000.0,-11733000.0,102200000.0,-22400000.0,32500000.0
,,,,,,,,,,,,,,,,,,,,,,,,,,,,,,,,,,,,,,,,,,,,,,,,,,,,,,,,,,,,,,,,,,,,,,,,,,,,,,,,,,,,,,,,,,,,,,,,,,,,,
Other,,,,,,,,,,,,,,,,,,,,,,,,,,,,,,,,,,,,,,,,,,,,,,,,,,,,,,,,,,,,,,,,,,,,,,,,,,,,,,,,,,,,,,,,,,,,,,,,,,,,,
,effectOfForexChangesOnCash,-14800000.0,-37300000.0,-36542000.0,19266000.0,-26143000.0,-18868000.0,-10124000.0,19000.0,2380000.0,-7011000.0,2553000.0,14511000.0,-24538000.0,10722000.0,2156000.0,-8381000.0,8409000.0,-1413000.0,4474000.0,-1445000.0,-1705000.0,-1212000.0,-300000.0,-1600000.0,700000.0
,,,,,,,,,,,,,,,,,,,,,,,,,,,,,,,,,,,,,,,,,,,,,,,,,,,,,,,,,,,,,,,,,,,,,,,,,,,,,,,,,,,,,,,,,,,,,,,,,,,,,
Cash&CashFlow,,,,,,,,,,,,,,,,,,,,,,,,,,,,,,,,,,,,,,,,,,,,,,,,,,,,,,,,,,,,,,,,,,,,,,,,,,,,,,,,,,,,,,,,,,,,,,,,,,,,,
,netChangeInCash,-5000000.0,-1738100000.0,2108953000.0,-165083000.0,172293000.0,-199658000.0,140089000.0,69994000.0,-69849000.0,48674000.0,48282000.0,46854000.0,-92884000.0,46710000.0,46614000.0,46108000.0,24929000.0,51118000.0,-34739000.0,47878000.0,-985000.0,-1927000.0,0.0,0.0,0.0
,cashAtEndOfPeriod,598000000.0,604200000.0,2342354000.0,233401000.0,398484000.0,226191000.0,425849000.0,285760000.0,215766000.0,285615000.0,236941000.0,188659000.0,141805000.0,234689000.0,187979000.0,141365000.0,95257000.0,70328000.0,19210000.0,53949000.0,6071000.0,7056000.0,0.0,0.0,0.0
,cashAtBeginningOfPeriod,604000000.0,2342300000.0,233401000.0,398484000.0,226191000.0,425849000.0,285760000.0,215766000.0,285615000.0,236941000.0,188659000.0,141805000.0,234689000.0,187979000.0,141365000.0,95257000.0,70328000.0,19210000.0,53949000.0,6071000.0,7056000.0,8983000.0,800000.0,600000.0,200000.0
,operatingCashFlow,783000000.0,1015500000.0,314671000.0,188811000.0,449307000.0,448260000.0,472385000.0,235653000.0,237438000.0,248626000.0,176136000.0,160521000.0,159384000.0,142509000.0,151027000.0,84072000.0,52867000.0,55904000.0,15658000.0,119097000.0,60214000.0,77389000.0,42100000.0,67000000.0,58900000.0
,capitalExpenditure,-136000000.0,-185300000.0,-93305000.0,-89466000.0,-50216000.0,-49428000.0,-47662000.0,-41238000.0,-36001000.0,-37971000.0,-20843000.0,-18288000.0,-19715000.0,-20419000.0,-20942000.0,-22666000.0,-19262000.0,-17470000.0,-10464000.0,-14801000.0,-26335000.0,-30808000.0,-141500000.0,-42700000.0,-91700000.0
,freeCashFlow,647000000.0,830200000.0,221366000.0,99345000.0,399091000.0,398832000.0,424723000.0,194415000.0,201437000.0,210655000.0,155293000.0,142233000.0,139669000.0,122090000.0,130085000.0,61406000.0,33605000.0,38434000.0,5194000.0,104296000.0,33879000.0,46581000.0,-99400000.0,24300000.0,-32800000.0
