date,,2021-01-31_FY,2020-01-31_FY,2019-01-31_FY,2018-01-31_FY,2017-01-31_FY,2016-01-31_FY,2015-01-31_FY,2014-01-31_FY,2013-01-31_FY,2012-01-31_FY,2011-01-31_FY,2010-01-31_FY,2009-04-01_FY,2009-01-31_FY,2008-01-31_FY,2007-01-31_FY,2006-01-31_FY,2005-01-31_FY,2004-01-31_FY,2003-01-31_FY,2002-01-31_FY,2001-01-31_FY,2000-01-31_FY,1999-01-31_FY,1998-01-31_FY,1997-01-31_FY,1996-01-31_FY
,,,,,,,,,,,,,,,,,,,,,,,,,,,,,,,,,,,,,,,,,,,,,,,,,,,,,,,,,,,,,,,,,,,,,,,,,,,,,,,,,,,,,,,,,,,,,,,,,,,,,
CashProvidedByOperatingActivites,,,,,,,,,,,,,,,,,,,,,,,,,,,,,,,,,,,,,,,,,,,,,,,,,,,,,,,,,,,,,,,,,,,,,,,,,,,,,,,,,,,,,,,,,,,,,,,,,,,,,
,netIncome,13510000000.0,14881000000.0,6670000000.0,9862000000.0,13643000000.0,14694000000.0,16363000000.0,16022000000.0,16999000000.0,15699000000.0,16389000000.0,14335000000.0,13400000000.0,13400000000.0,12731000000.0,11284000000.0,11231000000.0,10267000000.0,9054000000.0,8039000000.0,6671000000.0,6295000000.0,5575000000.0,4430000000.0,3526000000.0,3056000000.0,2740000000.0
,depreciationAndAmortization,11152000000.0,10987000000.0,10678000000.0,10529000000.0,10080000000.0,9454000000.0,9173000000.0,8870000000.0,8501000000.0,8130000000.0,7641000000.0,7157000000.0,6739000000.0,6739000000.0,6317000000.0,5459000000.0,4717000000.0,4405000000.0,3852000000.0,3432000000.0,3290000000.0,2868000000.0,2375000000.0,1872000000.0,1634000000.0,1463000000.0,1304000000.0
,deferredIncomeTax,1911000000.0,320000000.0,-499000000.0,-304000000.0,761000000.0,-672000000.0,-503000000.0,-279000000.0,-133000000.0,1050000000.0,651000000.0,-504000000.0,581000000.0,581000000.0,-8000000.0,89000000.0,-129000000.0,263000000.0,177000000.0,520000000.0,185000000.0,342000000.0,-138000000.0,-640000000.0,20000000.0,-180000000.0,0.0
,stockBasedCompensation,0.0,0.0,0.0,0.0,0.0,0.0,0.0,0.0,0.0,0.0,0.0,0.0,0.0,0.0,0.0,0.0,0.0,0.0,0.0,0.0,0.0,0.0,0.0,0.0,0.0,0.0,0.0
,changeInWorkingCapital,7972000000.0,-404000000.0,3277000000.0,-9618000000.0,-4859000000.0,-2386000000.0,6166000000.0,3718000000.0,-4553000000.0,-734000000.0,639000000.0,-789000000.0,0.0,4428000000.0,-5703000000.0,-164000000.0,-605000000.0,-1400000000.0,-863000000.0,-3098000000.0,3358000000.0,-947000000.0,-5817000000.0,-522000000.0,-2144000000.0,1159000000.0,-1434000000.0
,accountsReceivables,0.0,0.0,0.0,0.0,0.0,0.0,0.0,0.0,0.0,-796000000.0,-733000000.0,-297000000.0,-101000000.0,-101000000.0,-564000000.0,-214000000.0,-456000000.0,-304000000.0,373000000.0,-101000000.0,-210000000.0,-422000000.0,-255000000.0,-148000000.0,-78000000.0,-58000000.0,-61000000.0
,inventory,-2395000000.0,-300000000.0,-1311000000.0,-140000000.0,1021000000.0,-703000000.0,-1229000000.0,-1667000000.0,-2759000000.0,-3727000000.0,-3086000000.0,2265000000.0,-220000000.0,-220000000.0,-775000000.0,-1274000000.0,-1733000000.0,-2635000000.0,-1973000000.0,-2236000000.0,-1235000000.0,-1795000000.0,-2088000000.0,-379000000.0,-365000000.0,99000000.0,-1850000000.0
,accountsPayables,6966000000.0,-274000000.0,1831000000.0,4086000000.0,3942000000.0,2008000000.0,2678000000.0,531000000.0,1061000000.0,2687000000.0,2557000000.0,1052000000.0,-410000000.0,-410000000.0,865000000.0,2344000000.0,2390000000.0,1694000000.0,2658000000.0,1447000000.0,368000000.0,2061000000.0,1849000000.0,1108000000.0,1048000000.0,1208000000.0,448000000.0
,otherWorkingCapital,0.0,-15984000000.0,-15580000000.0,-18857000000.0,-9239000000.0,-4380000000.0,-1994000000.0,-8160000000.0,-11878000000.0,-7325000000.0,-6591000000.0,-7230000000.0,-6441000000.0,-6441000000.0,-10869000000.0,-5166000000.0,-5002000000.0,-4397000000.0,-2997000000.0,-2134000000.0,964000000.0,-2394000000.0,-1447000000.0,4370000000.0,4892000000.0,7036000000.0,5877000000.0
,otherNonCashItems,1521000000.0,945000000.0,1734000000.0,1210000000.0,206000000.0,1410000000.0,785000000.0,938000000.0,527000000.0,398000000.0,1087000000.0,301000000.0,0.0,1268000000.0,601000000.0,1039000000.0,620000000.0,378000000.0,198000000.0,325000000.0,66000000.0,244000000.0,59000000.0,78000000.0,9000000.0,-88000000.0,-227000000.0
,netCashProvidedByOperatingActivites,36074000000.0,25255000000.0,27753000000.0,28337000000.0,31530000000.0,27389000000.0,28564000000.0,23257000000.0,25591000000.0,24255000000.0,23643000000.0,26249000000.0,23147000000.0,23147000000.0,20354000000.0,20164000000.0,17633000000.0,15044000000.0,15996000000.0,12532000000.0,10260000000.0,9604000000.0,8194000000.0,7580000000.0,7123000000.0,5930000000.0,2383000000.0
,,,,,,,,,,,,,,,,,,,,,,,,,,,,,,,,,,,,,,,,,,,,,,,,,,,,,,,,,,,,,,,,,,,,,,,,,,,,,,,,,,,,,,,,,,,,,,,,,,,,,
CashProvidedByInvestingActivites,,,,,,,,,,,,,,,,,,,,,,,,,,,,,,,,,,,,,,,,,,,,,,,,,,,,,,,,,,,,,,,,,,,,,,,,,,,,,,,,,,,,,,,,,,,,,,,,,,,,,
,investmentsInPropertyPlantAndEquipment,-10264000000.0,-10705000000.0,-10344000000.0,-10051000000.0,-10619000000.0,-11477000000.0,-12174000000.0,-13115000000.0,-12898000000.0,-13510000000.0,-12699000000.0,-12184000000.0,-11499000000.0,-11499000000.0,-14937000000.0,-15666000000.0,-14563000000.0,-12893000000.0,-10308000000.0,-9355000000.0,-8383000000.0,-8042000000.0,-6183000000.0,-3734000000.0,-2636000000.0,-2643000000.0,-3566000000.0
,acquisitionsNet,0.0,-56000000.0,-14656000000.0,-375000000.0,-2463000000.0,0.0,0.0,0.0,0.0,0.0,0.0,0.0,0.0,0.0,0.0,44000000.0,-30000000.0,-59000000.0,0.0,0.0,0.0,0.0,0.0,0.0,0.0,0.0,0.0
,purchasesOfInvestments,0.0,0.0,0.0,0.0,-1901000000.0,0.0,0.0,0.0,0.0,0.0,0.0,0.0,0.0,0.0,0.0,0.0,0.0,0.0,0.0,0.0,0.0,0.0,0.0,0.0,0.0,0.0,0.0
,salesMaturitiesOfInvestments,0.0,0.0,0.0,0.0,0.0,0.0,0.0,0.0,0.0,0.0,0.0,0.0,0.0,0.0,0.0,0.0,0.0,0.0,0.0,0.0,1134000000.0,0.0,0.0,0.0,0.0,0.0,0.0
,otherInvestingActivites,102000000.0,479000000.0,-431000000.0,-58000000.0,-122000000.0,-79000000.0,-192000000.0,105000000.0,71000000.0,-131000000.0,219000000.0,-438000000.0,0.0,781000000.0,-95000000.0,223000000.0,-68000000.0,-96000000.0,78000000.0,-60000000.0,103000000.0,-45000000.0,-244000000.0,171000000.0,80000000.0,111000000.0,291000000.0
,netCashUsedForInvestingActivites,-10071000000.0,-9128000000.0,-24036000000.0,-9060000000.0,-13987000000.0,-10675000000.0,-11125000000.0,-12298000000.0,-12611000000.0,-16609000000.0,-12193000000.0,-11620000000.0,781000000.0,-10742000000.0,-15670000000.0,-14507000000.0,-14183000000.0,-12351000000.0,-8287000000.0,-9709000000.0,-7146000000.0,-8714000000.0,-16846000000.0,-4418000000.0,-4421000000.0,-2068000000.0,-3332000000.0
,,,,,,,,,,,,,,,,,,,,,,,,,,,,,,,,,,,,,,,,,,,,,,,,,,,,,,,,,,,,,,,,,,,,,,,,,,,,,,,,,,,,,,,,,,,,,,,,,,,,,
CashProvidedByFinancingingActivites,,,,,,,,,,,,,,,,,,,,,,,,,,,,,,,,,,,,,,,,,,,,,,,,,,,,,,,,,,,,,,,,,,,,,,,,,,,,,,,,,,,,,,,,,,,,,,,,,,,,,
,debtRepayment,-5382000000.0,-1907000000.0,-3784000000.0,-16120000000.0,-2055000000.0,-4432000000.0,-3904000000.0,-4968000000.0,-1478000000.0,-4939000000.0,-4443000000.0,-6379000000.0,-5387000000.0,-5739000000.0,-9066000000.0,-6098000000.0,-2969000000.0,-2335000000.0,-3846000000.0,-1479000000.0,-3686000000.0,-1692000000.0,-996000000.0,-1176000000.0,-648000000.0,-615000000.0,-207000000.0
,commonStockIssued,0.0,0.0,0.0,0.0,0.0,0.0,0.0,0.0,0.0,0.0,0.0,0.0,0.0,0.0,0.0,0.0,0.0,0.0,0.0,0.0,0.0,581000000.0,0.0,0.0,0.0,0.0,0.0
,commonStockRepurchased,-2625000000.0,-5717000000.0,-7410000000.0,-8296000000.0,-8298000000.0,-4112000000.0,-1015000000.0,-6683000000.0,-7600000000.0,-6298000000.0,-14776000000.0,-7276000000.0,0.0,-3521000000.0,-7691000000.0,-1718000000.0,-3580000000.0,-4549000000.0,-5046000000.0,-3232000000.0,-1214000000.0,-193000000.0,-101000000.0,-1202000000.0,-1569000000.0,-208000000.0,0.0
,dividendsPaid,-6116000000.0,-6048000000.0,-6102000000.0,-6124000000.0,-6216000000.0,-6294000000.0,-6185000000.0,-6139000000.0,-5361000000.0,-5048000000.0,-4437000000.0,-4217000000.0,-3746000000.0,-3746000000.0,-3586000000.0,-2802000000.0,-2511000000.0,-2214000000.0,-1569000000.0,-1328000000.0,-1249000000.0,-1070000000.0,-890000000.0,-693000000.0,-611000000.0,-481000000.0,-458000000.0
,otherFinancingActivites,-1670000000.0,-1463000000.0,-1060000000.0,-959000000.0,-824000000.0,-2558000000.0,-2853000000.0,-1210000000.0,-498000000.0,-242000000.0,-271000000.0,-832000000.0,0.0,267000000.0,-334000000.0,-227000000.0,-349000000.0,113000000.0,111000000.0,-63000000.0,113000000.0,176000000.0,300000000.0,-195000000.0,143000000.0,700000000.0,-12000000.0
,netCashUsedProvidedByFinancingActivities,-16117000000.0,-14299000000.0,-2537000000.0,-19875000000.0,-18929000000.0,-16122000000.0,-15071000000.0,-11017000000.0,-11972000000.0,-8458000000.0,-12028000000.0,-14191000000.0,267000000.0,-9918000000.0,-7134000000.0,-4839000000.0,-2422000000.0,-2609000000.0,-5563000000.0,-2222000000.0,-2978000000.0,-442000000.0,8629000000.0,-2730000000.0,-2138000000.0,-3062000000.0,987000000.0
,,,,,,,,,,,,,,,,,,,,,,,,,,,,,,,,,,,,,,,,,,,,,,,,,,,,,,,,,,,,,,,,,,,,,,,,,,,,,,,,,,,,,,,,,,,,,,,,,,,,,
Other,,,,,,,,,,,,,,,,,,,,,,,,,,,,,,,,,,,,,,,,,,,,,,,,,,,,,,,,,,,,,,,,,,,,,,,,,,,,,,,,,,,,,,,,,,,,,,,,,,,,,
,effectOfForexChangesOnCash,235000000.0,-69000000.0,-438000000.0,487000000.0,-452000000.0,-1022000000.0,-514000000.0,-442000000.0,223000000.0,-33000000.0,66000000.0,194000000.0,0.0,-781000000.0,252000000.0,97000000.0,-102000000.0,205000000.0,320000000.0,-4000000.0,-29000000.0,-250000000.0,0.0,0.0,0.0,0.0,0.0
,,,,,,,,,,,,,,,,,,,,,,,,,,,,,,,,,,,,,,,,,,,,,,,,,,,,,,,,,,,,,,,,,,,,,,,,,,,,,,,,,,,,,,,,,,,,,,,,,,,,,
Cash&CashFlow,,,,,,,,,,,,,,,,,,,,,,,,,,,,,,,,,,,,,,,,,,,,,,,,,,,,,,,,,,,,,,,,,,,,,,,,,,,,,,,,,,,,,,,,,,,,,,,,,,,,,
,netChangeInCash,8273000000.0,1759000000.0,742000000.0,-111000000.0,-1838000000.0,-430000000.0,1854000000.0,-500000000.0,1231000000.0,-845000000.0,-512000000.0,632000000.0,1706000000.0,1706000000.0,-2198000000.0,959000000.0,926000000.0,289000000.0,2441000000.0,597000000.0,107000000.0,198000000.0,-23000000.0,432000000.0,564000000.0,800000000.0,38000000.0
,cashAtEndOfPeriod,17788000000.0,9515000000.0,7756000000.0,6756000000.0,6867000000.0,8705000000.0,9135000000.0,7281000000.0,7781000000.0,6550000000.0,7395000000.0,7907000000.0,7275000000.0,7275000000.0,5569000000.0,7373000000.0,6414000000.0,5488000000.0,5199000000.0,2758000000.0,2161000000.0,2054000000.0,1856000000.0,1879000000.0,1447000000.0,883000000.0,83000000.0
,cashAtBeginningOfPeriod,9515000000.0,7756000000.0,7014000000.0,6867000000.0,8705000000.0,9135000000.0,7281000000.0,7781000000.0,6550000000.0,7395000000.0,7907000000.0,7275000000.0,5569000000.0,5569000000.0,7767000000.0,6414000000.0,5488000000.0,5199000000.0,2758000000.0,2161000000.0,2054000000.0,1856000000.0,1879000000.0,1447000000.0,883000000.0,83000000.0,45000000.0
,operatingCashFlow,36074000000.0,25255000000.0,27753000000.0,28337000000.0,31530000000.0,27389000000.0,28564000000.0,23257000000.0,25591000000.0,24255000000.0,23643000000.0,26249000000.0,23147000000.0,23147000000.0,20354000000.0,20164000000.0,17633000000.0,15044000000.0,15996000000.0,12532000000.0,10260000000.0,9604000000.0,8194000000.0,7580000000.0,7123000000.0,5930000000.0,2383000000.0
,capitalExpenditure,-10264000000.0,-10705000000.0,-10344000000.0,-10051000000.0,-10619000000.0,-11477000000.0,-12174000000.0,-13115000000.0,-12898000000.0,-13510000000.0,-12699000000.0,-12184000000.0,-11499000000.0,-11499000000.0,-14937000000.0,-15666000000.0,-14563000000.0,-12893000000.0,-10308000000.0,-9355000000.0,-8383000000.0,-8042000000.0,-6183000000.0,-3734000000.0,-2636000000.0,-2643000000.0,-3566000000.0
,freeCashFlow,25810000000.0,14550000000.0,17409000000.0,18286000000.0,20911000000.0,15912000000.0,16390000000.0,10142000000.0,12693000000.0,10745000000.0,10944000000.0,14065000000.0,11648000000.0,11648000000.0,5417000000.0,4498000000.0,3070000000.0,2151000000.0,5688000000.0,3177000000.0,1877000000.0,1562000000.0,2011000000.0,3846000000.0,4487000000.0,3287000000.0,-1183000000.0
